./datadriven/examplesOCL/regression_cmd --trainingFileName ../../DissertationCodeGTX/datasets/DR5/DR5_nowarnings_less05_train.arff --testFileName ../../DissertationCodeGTX/datasets/DR5/DR5_nowarnings_less05_test.arff --learnerMode LEARNTEST --grid.level 10 --lambda 1E-5 --grid.type ModLinear --verbose true --additionalConfig results_diss/DR5_scaling_ocl_float_gtx1080ti_4.cfg --operation.type STREAMING --operation.subType OCLUNIFIED --solverFinal.maxIterations 500 --solverFinal.eps 0 --isRegression true --adaptConfig.support_refinement_min_support 500 --adaptConfig.support_refinement_ocl_config results_diss/DR5_scaling_ocl_float_gtx1080ti_4.cfg --adaptConfig.use_support_refinement --do_dummy_ocl_init
OCL Info: 2 OpenCL platforms have been found
OCL Info: detected platform, name: "Intel(R) OpenCL"
OCL Info: detected platform vendor name: "Intel(R) Corporation"
OCL Info: platform not configured, skipping...
OCL Info: detected platform, name: "NVIDIA CUDA"
OCL Info: detected platform vendor name: "NVIDIA Corporation"
OCL Info: using platform, name: "NVIDIA CUDA"
OCL Info: platform device count: 8
OCL Info: detected device, name: "GeForce GTX 1080 Ti"
OCL Info: using device, name: "GeForce GTX 1080 Ti"
OCL Info: detected device, name: "GeForce GTX 1080 Ti"
OCL Info: using device, name: "GeForce GTX 1080 Ti"
OCL Info: detected device, name: "GeForce GTX 1080 Ti"
OCL Info: using device, name: "GeForce GTX 1080 Ti"
OCL Info: detected device, name: "GeForce GTX 1080 Ti"
OCL Info: using device, name: "GeForce GTX 1080 Ti"
OCL Info: detected device, name: "GeForce GTX 1080 Ti"
OCL Info: detected device, name: "GeForce GTX 1080 Ti"
OCL Info: detected device, name: "GeForce GTX 1080 Ti"
OCL Info: detected device, name: "GeForce GTX 1080 Ti"
ocl dummy initalization duration: 7.47307
instances: 371908
support_refinement_min_support: 500
OCL Info: 2 OpenCL platforms have been found
OCL Info: detected platform, name: "Intel(R) OpenCL"
OCL Info: detected platform vendor name: "Intel(R) Corporation"
OCL Info: platform not configured, skipping...
OCL Info: detected platform, name: "NVIDIA CUDA"
OCL Info: detected platform vendor name: "NVIDIA Corporation"
OCL Info: using platform, name: "NVIDIA CUDA"
OCL Info: platform device count: 8
OCL Info: detected device, name: "GeForce GTX 1080 Ti"
OCL Info: using device, name: "GeForce GTX 1080 Ti"
OCL Info: detected device, name: "GeForce GTX 1080 Ti"
OCL Info: using device, name: "GeForce GTX 1080 Ti"
OCL Info: detected device, name: "GeForce GTX 1080 Ti"
OCL Info: using device, name: "GeForce GTX 1080 Ti"
OCL Info: detected device, name: "GeForce GTX 1080 Ti"
OCL Info: using device, name: "GeForce GTX 1080 Ti"
OCL Info: detected device, name: "GeForce GTX 1080 Ti"
OCL Info: detected device, name: "GeForce GTX 1080 Ti"
OCL Info: detected device, name: "GeForce GTX 1080 Ti"
OCL Info: detected device, name: "GeForce GTX 1080 Ti"
ocl_init_duration: 1.2416
building kernel: verify_support
building with optimization flags: 
--- Build Log ---


building with optimization flags: 
--- Build Log ---


building with optimization flags: 
--- Build Log ---


building with optimization flags: 
--- Build Log ---


num_candidates: 1
num_candidates: 1 block_size: 128 num_candidates_per_device: 0
device: 3 range_padded: 128 range_start: 0 range_end: 1
duration (s): 0.297977
candidates with support: 1
num_candidates: 10
num_candidates: 10 block_size: 128 num_candidates_per_device: 2
device: 3 range_padded: 128 range_start: 0 range_end: 10
duration (s): 0.257727
candidates with support: 10
num_candidates: 60
num_candidates: 60 block_size: 128 num_candidates_per_device: 15
device: 3 range_padded: 128 range_start: 0 range_end: 60
duration (s): 0.263797
candidates with support: 52
num_candidates: 236
num_candidates: 236 block_size: 128 num_candidates_per_device: 59
device: 3 range_padded: 256 range_start: 0 range_end: 236
duration (s): 0.263459
candidates with support: 181
num_candidates: 706
num_candidates: 706 block_size: 128 num_candidates_per_device: 176
device: 3 range_padded: 768 range_start: 0 range_end: 706
duration (s): 0.266724
candidates with support: 503
num_candidates: 1786
num_candidates: 1786 block_size: 128 num_candidates_per_device: 446
device: 3 range_padded: 1792 range_start: 0 range_end: 1786
duration (s): 0.267833
candidates with support: 1241
num_candidates: 4140
num_candidates: 4140 block_size: 128 num_candidates_per_device: 1035
device: 0 range_padded: device: device: 311152 range_start: 0 range_end: 1035
 range_padded: 1152 range_start: 1035 range_end: 2070
 range_padded: 1152 range_start: 3105 range_end: 4140
device: 2 range_padded: 1152 range_start: 2070 range_end: 3105
duration (s): 0.266421
duration (s): 0.326416
duration (s): 0.323946
duration (s): 0.324615
candidates with support: 2886
num_candidates: 9216
num_candidates: 9216 block_size: 128 num_candidates_per_device: 2304
device: 0 range_padded: device: device: 3 range_padded: 2304 range_start: 6912 range_end: 9216
1 range_padded: 2304 range_start: 2304 range_end: 4608
2304 range_start: 0 range_end: 2304
device: 2 range_padded: 2304 range_start: 4608 range_end: 6912
duration (s): 0.277767
duration (s): 0.265558
duration (s): 0.274548
duration (s): 0.278038
candidates with support: 6397
num_candidates: 19682
num_candidates: 19682 block_size: 128 num_candidates_per_device: 4920
device: device: 0 range_padded: 4992 range_start: 0 range_end: 49201
device: 3 range_padded: 4992 range_start: 14760 range_end: 19682
device: 2 range_padded: 4992 range_start: 9840 range_end: 14760
 range_padded: 4992 range_start: 4920 range_end: 9840
duration (s): 0.271116
duration (s): 0.278199
duration (s): 0.284241
duration (s): 0.2879
candidates with support: 13464
num_candidates: 40066
num_candidates: 40066 block_size: 128 num_candidates_per_device: 10016
device: 1 range_padded: 10112 range_start: 10016 range_end: 20032
device: 3device:  range_padded: 2 range_padded: 1011210112 range_start:  range_start: 20032 range_end: 3004830048 range_end: 
40066
device: 0 range_padded: 10112 range_start: 0 range_end: 10016
duration (s): 0.290927
duration (s): 0.299001
duration (s): 0.300259
duration (s): 0.292759
candidates with support: 26558
datadriven refinement done, grid size: 51293
creating createOperationMultipleEval type: DEFAULT, using base operator factory
creating createOperationMultipleEval grid: Linear type: STREAMING==DEFAULT subType: OCLUNIFIED
OCL Info: 2 OpenCL platforms have been found
OCL Info: detected platform, name: "Intel(R) OpenCL"
OCL Info: detected platform vendor name: "Intel(R) Corporation"
OCL Info: detected platform, name: "NVIDIA CUDA"
OCL Info: detected platform vendor name: "NVIDIA Corporation"
OCL Info: using platform, name: "NVIDIA CUDA"
OCL Info: detected device, name: "GeForce GTX 1080 Ti"
OCL Info: using device, name: "GeForce GTX 1080 Ti"
OCL Info: detected device, name: "GeForce GTX 1080 Ti"
OCL Info: using device, name: "GeForce GTX 1080 Ti"
OCL Info: detected device, name: "GeForce GTX 1080 Ti"
OCL Info: using device, name: "GeForce GTX 1080 Ti"
OCL Info: detected device, name: "GeForce GTX 1080 Ti"
OCL Info: using device, name: "GeForce GTX 1080 Ti"
OCL Info: detected device, name: "GeForce GTX 1080 Ti"
OCL Info: detected device, name: "GeForce GTX 1080 Ti"
OCL Info: detected device, name: "GeForce GTX 1080 Ti"
OCL Info: detected device, name: "GeForce GTX 1080 Ti"
Starting Learning....

Doing refinement: 0
Grid Size: 51293
building with optimization flags: 
building with optimization flags: building with optimization flags: 

building with optimization flags: 
--- Begin Build Log ---


--- End Build Log ---
device: GeForce GTX 1080 Ti (0x14834f0)  kernel from: 0 to: 12928 -> range: 12928 (with blocking: 12928)
--- Begin Build Log ---


--- End Build Log ---
device: GeForce GTX 1080 Ti (0x1483cf0)  kernel from: 12928 to: 25856 -> range: 12928 (with blocking: 12928)
--- Begin Build Log ---


--- End Build Log ---
device: GeForce GTX 1080 Ti (0x1484730)  kernel from: 25856 to: 38784 -> range: 12928 (with blocking: 12928)
--- Begin Build Log ---


--- End Build Log ---
device: GeForce GTX 1080 Ti (0x147bcb0)  kernel from: 38784 to: 51328 -> range: 12544 (with blocking: 12544)
device: 0x1483cf0 duration: 0.0196895
device: 0x147bcb0 duration: 0.0194355
device: 0x1484730 duration: 0.019243
device: 0x14834f0 duration: 0.0197426
duration multTranspose ocl mod: 0.134522
building with optimization flags: 
building with optimization flags: 
building with optimization flags: 
building with optimization flags: 
--- Begin Build Log ---


--- End Build Log ---
--- Begin Build Log ---


--- End Build Log ---
--- Begin Build Log ---


--- End Build Log ---
--- Begin Build Log ---


--- End Build Log ---
device: 0x1483cf0 kernel from: 0 to: 93056 -> range: 93056
device: 0x1484730 kernel from: 93056 to: 186112 -> range: 93056
device: 0x147bcb0 kernel from: 186112 to: 279168 -> range: 93056
device: 0x14834f0 kernel from: 279168 to: 371968 -> range: 92800
device: 0x1484730 duration: 0.0394668
device: 0x1483cf0 duration: 0.0403763
device: 0x147bcb0 duration: 0.0397988
device: 0x14834f0 duration: 0.0403486
duration mult ocl mod: 0.13075
device: GeForce GTX 1080 Ti (0x1484730)  kernel from: 0 to: 12928 -> range: 12928 (with blocking: 12928)
device: GeForce GTX 1080 Ti (0x14834f0)  kernel from: 12928 to: 25856 -> range: 12928 (with blocking: 12928)
device: GeForce GTX 1080 Ti (0x1483cf0)  kernel from: 25856 to: 38784 -> range: 12928 (with blocking: 12928)
device: GeForce GTX 1080 Ti (0x147bcb0)  kernel from: 38784 to: 51328 -> range: 12544 (with blocking: 12544)
device: 0x1484730 duration: 0.0192664
device: 0x147bcb0 duration: 0.0193792
device: 0x1483cf0 duration: 0.0196742
device: 0x14834f0 duration: 0.0197222
duration multTranspose ocl mod: 0.0296073
device: 0x1483cf0 kernel from: 0 to: 93056 -> range: 93056
device: 0x14834f0 kernel from: 93056 to: 186112 -> range: 93056
device: 0x1484730 kernel from: 186112 to: 279168 -> range: 93056
device: 0x147bcb0 kernel from: 279168 to: 371968 -> range: 92800
device: 0x1484730 duration: 0.0392919
device: 0x147bcb0 duration: 0.0397844
device: 0x1483cf0 duration: 0.0403866
device: 0x14834f0 duration: 0.0403671
duration mult ocl mod: 0.0497744
device: GeForce GTX 1080 Ti (0x1483cf0)  kernel from: 0 to: 12928 -> range: 12928 (with blocking: 12928)
device: GeForce GTX 1080 Ti (0x14834f0)  kernel from: 38784 to: 51328 -> range: 12544 (with blocking: 12544)
device: GeForce GTX 1080 Ti (0x1484730)  kernel from: 12928 to: 25856 -> range: 12928 (with blocking: 12928)
device: GeForce GTX 1080 Ti (0x147bcb0)  kernel from: 25856 to: 38784 -> range: 12928 (with blocking: 12928)
device: 0x1484730 duration: 0.0192799
device: 0x147bcb0 duration: 0.0194611
device: 0x1483cf0 duration: 0.0196925
device: 0x14834f0 duration: 0.0197417
duration multTranspose ocl mod: 0.0309843
device: 0x1484730 kernel from: 0 to: 93056 -> range: 93056
device: 0x1483cf0 kernel from: 93056 to: 186112 -> range: 93056
device: 0x147bcb0 kernel from: 186112 to: 279168 -> range: 93056
device: 0x14834f0 kernel from: 279168 to: 371968 -> range: 92800
device: 0x1484730 duration: 0.039295
device: 0x147bcb0 duration: 0.0397937
device: 0x1483cf0 duration: 0.0403712
device: 0x14834f0 duration: 0.0403528
duration mult ocl mod: 0.0471665
device: GeForce GTX 1080 Ti (0x1483cf0)  kernel from: 0 to: 12928 -> range: 12928 (with blocking: 12928)
device: GeForce GTX 1080 Ti (0x1484730)  kernel from: 25856 to: 38784 -> range: 12928 (with blocking: 12928)
device: GeForce GTX 1080 Ti (0x147bcb0)  kernel from: 38784 to: 51328 -> range: 12544 (with blocking: 12544)
device: GeForce GTX 1080 Ti (0x14834f0)  kernel from: 12928 to: 25856 -> range: 12928 (with blocking: 12928)
device: 0x147bcb0 duration: 0.0194427
device: 0x1484730 duration: 0.0192266
device: 0x1483cf0 duration: 0.0197202
device: 0x14834f0 duration: 0.0197908
duration multTranspose ocl mod: 0.0303937
device: 0x14834f0 kernel from: 0 to: 93056 -> range: 93056
device: 0x1484730 kernel from: 93056 to: 186112 -> range: 93056
device: 0x1483cf0 kernel from: 186112 to: 279168 -> range: 93056
device: 0x147bcb0 kernel from: 279168 to: 371968 -> range: 92800
device: 0x1484730 duration: 0.0392765
device: 0x1483cf0 duration: 0.0391219
device: 0x147bcb0 duration: 0.039809
device: 0x14834f0 duration: 0.0403763
duration mult ocl mod: 0.0469057
device: GeForce GTX 1080 Ti (0x1484730)  kernel from: 0 to: 12928 -> range: 12928 (with blocking: 12928)
device: GeForce GTX 1080 Ti (0x147bcb0)  kernel from: 38784 to: 51328 -> range: 12544 (with blocking: 12544)
device: GeForce GTX 1080 Ti (0x14834f0)  kernel from: 25856 to: 38784 -> range: 12928 (with blocking: 12928)
device: GeForce GTX 1080 Ti (0x1483cf0)  kernel from: 12928 to: 25856 -> range: 12928 (with blocking: 12928)
device: 0x1484730 duration: 0.0192154
device: 0x147bcb0 duration: 0.0194119
device: 0x1483cf0 duration: 0.0196842
device: 0x14834f0 duration: 0.0197355
duration multTranspose ocl mod: 0.0280264
device: 0x1484730 kernel from: 0 to: 93056 -> range: 93056
device: 0x1483cf0 kernel from: 93056 to: 186112 -> range: 93056
device: 0x147bcb0 kernel from: 186112 to: 279168 -> range: 93056
device: 0x14834f0 kernel from: 279168 to: 371968 -> range: 92800
device: 0x1484730 duration: device: 0x1483cf0 duration: 0.0394107
0.0391414
device: 0x147bcb0 duration: 0.0398099
device: 0x14834f0 duration: 0.0403333
duration mult ocl mod: 0.0473655
device: GeForce GTX 1080 Ti (0x1484730)  kernel from: 0 to: 12928 -> range: 12928 (with blocking: 12928)
device: GeForce GTX 1080 Ti (0x1483cf0)  kernel from: 12928 to: 25856 -> range: 12928 (with blocking: 12928)
device: GeForce GTX 1080 Ti (0x14834f0)  kernel from: 25856 to: 38784 -> range: 12928 (with blocking: 12928)
device: GeForce GTX 1080 Ti (0x147bcb0)  kernel from: 38784 to: 51328 -> range: 12544 (with blocking: 12544)
device: 0x1484730 duration: 0.01937
device: 0x147bcb0 duration: 0.0194243
device: 0x1483cf0 duration: 0.0197437
device: 0x14834f0 duration: 0.0197274
duration multTranspose ocl mod: 0.0281691
device: 0x1484730 kernel from: 0 to: 93056 -> range: 93056
device: 0x1483cf0 kernel from: 93056 to: 186112 -> range: 93056
device: 0x14834f0 kernel from: 186112 to: 279168 -> range: 93056
device: 0x147bcb0 kernel from: 279168 to: 371968 -> range: 92800
device: 0x1484730 duration: 0.0395479
device: 0x147bcb0 duration: 0.03981
device: 0x14834f0 duration: device: 0x1483cf0 duration: 0.0403536
0.0404357
duration mult ocl mod: 0.047074
device: GeForce GTX 1080 Ti (0x1483cf0)  kernel from: 0 to: 12928 -> range: 12928 (with blocking: 12928)
device: GeForce GTX 1080 Ti (0x147bcb0)  kernel from: 38784 to: 51328 -> range: 12544 (with blocking: 12544)
device: GeForce GTX 1080 Ti (0x1484730)  kernel from: 12928 to: 25856 -> range: 12928 (with blocking: 12928)
device: GeForce GTX 1080 Ti (0x14834f0)  kernel from: 25856 to: 38784 -> range: 12928 (with blocking: 12928)
device: 0x147bcb0 duration: device: 0x1484730 duration: 0.0193024
0.0193956
device: 0x1483cf0 duration: 0.0196884
device: 0x14834f0 duration: 0.0197386
duration multTranspose ocl mod: 0.0280092
device: 0x1484730 kernel from: 0 to: 93056 -> range: 93056
device: 0x14834f0 kernel from: 93056 to: 186112 -> range: 93056
device: 0x147bcb0 kernel from: 186112 to: 279168 -> range: 93056
device: 0x1483cf0 kernel from: 279168 to: 371968 -> range: 92800
device: 0x1484730 duration: 0.039511
device: 0x147bcb0 duration: 0.0397783
device: 0x14834f0 duration: 0.0403732
device: 0x1483cf0 duration: 0.0404173
duration mult ocl mod: 0.0474383
device: GeForce GTX 1080 Ti (0x1483cf0)  kernel from: 0 to: 12928 -> range: 12928 (with blocking: 12928)
device: GeForce GTX 1080 Ti (0x147bcb0)  kernel from: 38784 to: 51328 -> range: 12544 (with blocking: 12544)
device: GeForce GTX 1080 Ti (0x1484730)  kernel from: 12928 to: 25856 -> range: 12928 (with blocking: 12928)
device: GeForce GTX 1080 Ti (0x14834f0)  kernel from: 25856 to: 38784 -> range: 12928 (with blocking: 12928)
device: 0x147bcb0 duration: device: 0x1484730 duration: 0.0194232
0.0193422
device: 0x1483cf0 duration: 0.0197089
device: 0x14834f0 duration: 0.0197192
duration multTranspose ocl mod: 0.0279989
device: 0x1483cf0 kernel from: 0 to: 93056 -> range: 93056
device: 0x147bcb0 kernel from: 93056 to: 186112 -> range: 93056
device: 0x1484730 kernel from: 186112 to: 279168 -> range: 93056
device: 0x14834f0 kernel from: 279168 to: 371968 -> range: 92800
device: 0x1484730 duration: device: 0x147bcb0 duration: 0.0394936
0.0398193
device: 0x1483cf0 duration: 0.0404254
device: 0x14834f0 duration: 0.0403794
duration mult ocl mod: 0.0474821
device: GeForce GTX 1080 Ti (0x1484730)  kernel from: 0 to: 12928 -> range: 12928 (with blocking: 12928)
device: GeForce GTX 1080 Ti (0x147bcb0)  kernel from: 38784 to: 51328 -> range: 12544 (with blocking: 12544)
device: GeForce GTX 1080 Ti (0x1483cf0)  kernel from: 25856 to: 38784 -> range: 12928 (with blocking: 12928)
device: GeForce GTX 1080 Ti (0x14834f0)  kernel from: 12928 to: 25856 -> range: 12928 (with blocking: 12928)
device: 0x1484730 duration: 0.0193249
device: 0x147bcb0 duration: 0.019454
device: 0x1483cf0 duration: 0.0196844
device: 0x14834f0 duration: 0.0197458
duration multTranspose ocl mod: 0.0279951
device: 0x147bcb0 kernel from: 0 to: 93056 -> range: 93056
device: 0x1484730 kernel from: 93056 to: 186112 -> range: 93056
device: 0x1483cf0 kernel from: 186112 to: 279168 -> range: 93056
device: 0x14834f0 kernel from: 279168 to: 371968 -> range: 92800
device: 0x1484730 duration: 0.0394978
device: 0x147bcb0 duration: 0.0398027
device: 0x14834f0 duration: 0.0404028
device: 0x1483cf0 duration: 0.0404244
duration mult ocl mod: 0.0452455
device: GeForce GTX 1080 Ti (0x1483cf0)  kernel from: 0 to: 12928 -> range: 12928 (with blocking: 12928)
device: GeForce GTX 1080 Ti (0x147bcb0)  kernel from: 38784 to: 51328 -> range: 12544 (with blocking: 12544)
device: GeForce GTX 1080 Ti (0x1484730)  kernel from: 12928 to: 25856 -> range: 12928 (with blocking: 12928)
device: GeForce GTX 1080 Ti (0x14834f0)  kernel from: 25856 to: 38784 -> range: 12928 (with blocking: 12928)
device: 0x1484730 duration: 0.0193413
device: 0x147bcb0 duration: 0.019413
device: 0x1483cf0 duration: 0.0196844
device: 0x14834f0 duration: 0.0197519
duration multTranspose ocl mod: 0.029837
device: 0x147bcb0 kernel from: 0 to: 93056 -> range: 93056
device: 0x1483cf0 kernel from: 93056 to: 186112 -> range: 93056
device: 0x1484730 kernel from: 186112 to: 279168 -> range: 93056
device: 0x14834f0 kernel from: 279168 to: 371968 -> range: 92800
device: 0x147bcb0 duration: 0.03981
device: 0x1484730 duration: 0.0395121
device: 0x1483cf0 duration: 0.0403773
device: 0x14834f0 duration: 0.0403692
duration mult ocl mod: 0.045897
device: GeForce GTX 1080 Ti (0x14834f0)  kernel from: 0 to: 12928 -> range: 12928 (with blocking: 12928)
device: GeForce GTX 1080 Ti (0x1483cf0)  kernel from: 12928 to: 25856 -> range: 12928 (with blocking: 12928)
device: GeForce GTX 1080 Ti (0x147bcb0)  kernel from: 38784 to: 51328 -> range: 12544 (with blocking: 12544)
device: GeForce GTX 1080 Ti (0x1484730)  kernel from: 25856 to: 38784 -> range: 12928 (with blocking: 12928)
device: 0x1484730 duration: 0.0193966
device: 0x147bcb0 duration: 0.019418
device: 0x14834f0 duration: 0.0197458
device: 0x1483cf0 duration: 0.019718
duration multTranspose ocl mod: 0.0294328
device: 0x14834f0 kernel from: 0 to: 93056 -> range: 93056
device: 0x1484730 kernel from: 93056 to: 186112 -> range: 93056
device: 0x147bcb0 kernel from: 186112 to: 279168 -> range: 93056
device: 0x1483cf0 kernel from: 279168 to: 371968 -> range: 92800
device: 0x1484730 duration: 0.0397107
device: 0x14834f0 duration: device: 0x147bcb0 duration: 0.0403866
0.0398019
device: 0x1483cf0 duration: 0.0403999
duration mult ocl mod: 0.047851
device: GeForce GTX 1080 Ti (0x14834f0)  kernel from: 0 to: 12928 -> range: 12928 (with blocking: 12928)
device: GeForce GTX 1080 Ti (0x147bcb0)  kernel from: 38784 to: 51328 -> range: 12544 (with blocking: 12544)
device: GeForce GTX 1080 Ti (0x1483cf0)  kernel from: 12928 to: 25856 -> range: 12928 (with blocking: 12928)
device: GeForce GTX 1080 Ti (0x1484730)  kernel from: 25856 to: 38784 -> range: 12928 (with blocking: 12928)
device: 0x1484730 duration: 0.019326
device: 0x147bcb0 duration: 0.0194509
device: 0x14834f0 duration: 0.0197315
device: 0x1483cf0 duration: 0.0197622
duration multTranspose ocl mod: 0.0300472
device: 0x147bcb0 kernel from: 0 to: 93056 -> range: 93056
device: 0x14834f0 kernel from: 93056 to: 186112 -> range: 93056
device: 0x1483cf0 kernel from: 186112 to: 279168 -> range: 93056
device: 0x1484730 kernel from: 279168 to: 371968 -> range: 92800
device: 0x147bcb0 duration: 0.0397998
device: 0x14834f0 duration: device: 0x1484730 duration: 0.040404
0.0395693
device: 0x1483cf0 duration: 0.0403896
duration mult ocl mod: 0.0496153
device: GeForce GTX 1080 Ti (0x14834f0)  kernel from: 12928 to: 25856 -> range: 12928 (with blocking: 12928)
device: GeForce GTX 1080 Ti (0x147bcb0)  kernel from: 38784 to: 51328 -> range: 12544 (with blocking: 12544)
device: GeForce GTX 1080 Ti (0x1484730)  kernel from: 25856 to: 38784 -> range: 12928 (with blocking: 12928)
device: GeForce GTX 1080 Ti (0x1483cf0)  kernel from: 0 to: 12928 -> range: 12928 (with blocking: 12928)
device: 0x1484730 duration: 0.0193403
device: 0x147bcb0 duration: 0.0194038
device: 0x14834f0 duration: 0.0198144
device: 0x1483cf0 duration: 0.0197192
duration multTranspose ocl mod: 0.029664
device: 0x1483cf0 kernel from: 0 to: 93056 -> range: 93056
device: 0x14834f0 kernel from: 93056 to: 186112 -> range: 93056
device: 0x147bcb0 kernel from: 186112 to: 279168 -> range: 93056
device: 0x1484730 kernel from: 279168 to: 371968 -> range: 92800
device: 0x1484730 duration: 0.0394988
device: 0x14834f0 duration: 0.0403691
device: 0x1483cf0 duration: 0.0404122
device: 0x147bcb0 duration: 0.0398264
duration mult ocl mod: 0.0455829
device: GeForce GTX 1080 Ti (0x1483cf0)  kernel from: 0 to: 12928 -> range: 12928 (with blocking: 12928)
device: GeForce GTX 1080 Ti (0x1484730)  kernel from: 25856 to: 38784 -> range: 12928 (with blocking: 12928)
device: GeForce GTX 1080 Ti (0x147bcb0)  kernel from: 38784 to: 51328 -> range: 12544 (with blocking: 12544)
device: GeForce GTX 1080 Ti (0x14834f0)  kernel from: 12928 to: 25856 -> range: 12928 (with blocking: 12928)
device: 0x1484730 duration: 0.0193454
device: 0x147bcb0 duration: 0.0193976
device: 0x1483cf0 duration: 0.0197274
device: 0x14834f0 duration: 0.0197263
duration multTranspose ocl mod: 0.0298654
device: 0x147bcb0 kernel from: 0 to: 93056 -> range: 93056
device: 0x1483cf0 kernel from: 93056 to: 186112 -> range: 93056
device: 0x14834f0 kernel from: 186112 to: 279168 -> range: 93056
device: 0x1484730 kernel from: 279168 to: 371968 -> range: 92800
device: 0x1484730 duration: 0.0395039
device: 0x147bcb0 duration: 0.0398172
device: 0x1483cf0 duration: 0.0403804
device: 0x14834f0 duration: 0.0403795
duration mult ocl mod: 0.045474
device: GeForce GTX 1080 Ti (0x1484730)  kernel from: 0 to: 12928 -> range: 12928 (with blocking: 12928)
device: GeForce GTX 1080 Ti (0x147bcb0)  kernel from: 38784 to: 51328 -> range: 12544 (with blocking: 12544)
device: GeForce GTX 1080 Ti (0x1483cf0)  kernel from: 25856 to: 38784 -> range: 12928 (with blocking: 12928)
device: GeForce GTX 1080 Ti (0x14834f0)  kernel from: 12928 to: 25856 -> range: 12928 (with blocking: 12928)
device: 0x1484730 duration: 0.0193096
device: 0x1483cf0 duration: 0.0196669
device: 0x147bcb0 duration: 0.019457
device: 0x14834f0 duration: 0.0197612
duration multTranspose ocl mod: 0.0308482
device: 0x147bcb0 kernel from: 0 to: 93056 -> range: 93056
device: 0x1484730 kernel from: 93056 to: 186112 -> range: 93056
device: 0x1483cf0 kernel from: 186112 to: 279168 -> range: 93056
device: 0x14834f0 kernel from: 279168 to: 371968 -> range: 92800
device: 0x147bcb0 duration: 0.0398029
device: 0x1484730 duration: 0.0396964
device: 0x1483cf0 duration: 0.0404183
device: 0x14834f0 duration: 0.0406538
duration mult ocl mod: 0.0492096
device: GeForce GTX 1080 Ti (0x14834f0)  kernel from: 0 to: 12928 -> range: 12928 (with blocking: 12928)
device: GeForce GTX 1080 Ti (0x1484730)  kernel from: 12928 to: 25856 -> range: 12928 (with blocking: 12928)
device: GeForce GTX 1080 Ti (0x147bcb0)  kernel from: 38784 to: 51328 -> range: 12544 (with blocking: 12544)
device: GeForce GTX 1080 Ti (0x1483cf0)  kernel from: 25856 to: 38784 -> range: 12928 (with blocking: 12928)
device: 0x147bcb0 duration: 0.019458
device: 0x1484730 duration: 0.0193321
device: 0x14834f0 duration: 0.0197817
device: 0x1483cf0 duration: 0.019714
duration multTranspose ocl mod: 0.0308746
device: 0x14834f0 kernel from: 0 to: 93056 -> range: 93056
device: 0x1483cf0 kernel from: 93056 to: 186112 -> range: 93056
device: 0x147bcb0 kernel from: 186112 to: 279168 -> range: 93056
device: 0x1484730 kernel from: 279168 to: 371968 -> range: 92800
device: 0x147bcb0 duration: 0.0398172
device: 0x1484730 duration: 0.0395162
device: 0x14834f0 duration: 0.0403876
device: 0x1483cf0 duration: 0.0404214
duration mult ocl mod: 0.0501742
device: GeForce GTX 1080 Ti (0x14834f0)  kernel from: 0 to: 12928 -> range: 12928 (with blocking: 12928)
device: GeForce GTX 1080 Ti (0x147bcb0)  kernel from: 38784 to: 51328 -> range: 12544 (with blocking: 12544)
device: GeForce GTX 1080 Ti (0x1484730)  kernel from: 12928 to: 25856 -> range: 12928 (with blocking: 12928)
device: GeForce GTX 1080 Ti (0x1483cf0)  kernel from: 25856 to: 38784 -> range: 12928 (with blocking: 12928)
device: 0x1484730 duration: 0.0193484
device: 0x147bcb0 duration: 0.0194243
device: 0x1483cf0 duration: 0.0197366
device: 0x14834f0 duration: 0.0197274
duration multTranspose ocl mod: 0.030496
device: 0x1483cf0 kernel from: 0 to: 93056 -> range: 93056
device: 0x1484730 kernel from: 93056 to: 186112 -> range: 93056device: 
0x14834f0device: 0x147bcb0 kernel from: 279168 to: 371968 -> range: 92800
 kernel from: 186112 to: 279168 -> range: 93056
device: 0x1484730 duration: 0.039509
device: 0x147bcb0 duration: 0.0397988
device: 0x14834f0 duration: 0.0403835
device: 0x1483cf0 duration: 0.0404163
duration mult ocl mod: 0.0491176
device: GeForce GTX 1080 Ti (0x1484730)  kernel from: 0 to: 12928 -> range: 12928 (with blocking: 12928)
device: GeForce GTX 1080 Ti (0x147bcb0)  kernel from: 38784 to: 51328 -> range: 12544 (with blocking: 12544)
device: GeForce GTX 1080 Ti (0x1483cf0)  kernel from: 25856 to: 38784 -> range: 12928 (with blocking: 12928)
device: GeForce GTX 1080 Ti (0x14834f0)  kernel from: 12928 to: 25856 -> range: 12928 (with blocking: 12928)
device: 0x1484730 duration: 0.0193362
device: 0x147bcb0 duration: 0.0194089
device: 0x1483cf0 duration: 0.0196813
device: 0x14834f0 duration: 0.0197745
duration multTranspose ocl mod: 0.0308359
device: 0x1484730 kernel from: 0 to: 93056 -> range: 93056
device: 0x1483cf0 kernel from: 93056 to: 186112 -> range: 93056
device: 0x14834f0 kernel from: 186112 to: 279168 -> range: 93056
device: 0x147bcb0 kernel from: 279168 to: 371968 -> range: 92800
device: 0x1484730 duration: 0.039509
device: 0x147bcb0 duration: 0.039806
device: 0x14834f0 duration: 0.0403865
device: 0x1483cf0 duration: 0.0403866
duration mult ocl mod: 0.0466141
device: GeForce GTX 1080 Ti (0x1484730)  kernel from: 0 to: 12928 -> range: 12928 (with blocking: 12928)
device: GeForce GTX 1080 Ti (0x14834f0)  kernel from: 25856 to: 38784 -> range: 12928 (with blocking: 12928)
device: GeForce GTX 1080 Ti (0x1483cf0)  kernel from: 12928 to: 25856 -> range: 12928 (with blocking: 12928)
device: GeForce GTX 1080 Ti (0x147bcb0)  kernel from: 38784 to: 51328 -> range: 12544 (with blocking: 12544)
device: 0x147bcb0 duration: 0.0193893
device: 0x1484730 duration: 0.0193854
device: 0x1483cf0 duration: 0.01971
device: 0x14834f0 duration: 0.0197417
duration multTranspose ocl mod: 0.0308494
device: 0x147bcb0 kernel from: 0 to: 93056 -> range: 93056
device: 0x1483cf0 kernel from: 93056 to: 186112 -> range: 93056
device: 0x14834f0 kernel from: 186112 to: 279168 -> range: 93056
device: 0x1484730 kernel from: 279168 to: 371968 -> range: 92800
device: 0x147bcb0 duration: 0.039808
device: 0x1484730 duration: 0.0395192
device: 0x14834f0 duration: 0.0403865
device: 0x1483cf0 duration: 0.0404265
duration mult ocl mod: 0.0501804
device: GeForce GTX 1080 Ti (0x1483cf0)  kernel from: 0 to: 12928 -> range: 12928 (with blocking: 12928)
device: GeForce GTX 1080 Ti (0x14834f0)  kernel from: 25856 to: 38784 -> range: 12928 (with blocking: 12928)
device: GeForce GTX 1080 Ti (0x1484730)  kernel from: 12928 to: 25856 -> range: 12928 (with blocking: 12928)
device: GeForce GTX 1080 Ti (0x147bcb0)  kernel from: 38784 to: 51328 -> range: 12544 (with blocking: 12544)
device: 0x1484730 duration: 0.0193382
device: 0x147bcb0 duration: 0.0194212
device: 0x14834f0 duration: 0.019797
device: 0x1483cf0 duration: 0.0197049
duration multTranspose ocl mod: 0.0306906
device: 0x1483cf0 kernel from: 0 to: 93056 -> range: 93056
device: 0x1484730 kernel from: 93056 to: 186112 -> range: 93056
device: 0x147bcb0 kernel from: 186112 to: 279168 -> range: 93056
device: 0x14834f0 kernel from: 279168 to: 371968 -> range: 92800
device: 0x1484730 duration: 0.0394988
device: 0x1483cf0 duration: 0.0403876
device: 0x147bcb0 duration: 0.0398049
device: 0x14834f0 duration: 0.040365
duration mult ocl mod: 0.050123
device: GeForce GTX 1080 Ti (0x14834f0)  kernel from: 0 to: 12928 -> range: 12928 (with blocking: 12928)
device: GeForce GTX 1080 Ti (0x1484730)  kernel from: 12928 to: 25856 -> range: 12928 (with blocking: 12928)
device: GeForce GTX 1080 Ti (0x147bcb0)  kernel from: 38784 to: 51328 -> range: 12544 (with blocking: 12544)
device: GeForce GTX 1080 Ti (0x1483cf0)  kernel from: 25856 to: 38784 -> range: 12928 (with blocking: 12928)
device: 0x1484730 duration: 0.0193382
device: 0x147bcb0 duration: 0.0194601
device: 0x14834f0 duration: 0.0197898
device: 0x1483cf0 duration: 0.0197274
duration multTranspose ocl mod: 0.0302995
device: 0x147bcb0 kernel from: 0 to: 93056 -> range: 93056
device: 0x14834f0 kernel from: 93056 to: 186112 -> range: 93056
device: 0x1483cf0 kernel from: 186112 to: 279168 -> range: 93056
device: 0x1484730 kernel from: 279168 to: 371968 -> range: 92800
device: 0x147bcb0 duration: 0.0398367
device: 0x1484730 duration: 0.0395254
device: 0x1483cf0 duration: 0.0404152
device: 0x14834f0 duration: 0.0403978
duration mult ocl mod: 0.0494369
device: GeForce GTX 1080 Ti (0x14834f0)  kernel from: 0 to: 12928 -> range: 12928 (with blocking: 12928)
device: GeForce GTX 1080 Ti (0x1484730)  kernel from: 12928 to: 25856 -> range: 12928 (with blocking: 12928)
device: GeForce GTX 1080 Ti (0x147bcb0)  kernel from: 25856 to: 38784 -> range: 12928 (with blocking: 12928)
device: GeForce GTX 1080 Ti (0x1483cf0)  kernel from: 38784 to: 51328 -> range: 12544 (with blocking: 12544)
device: 0x1483cf0 duration: 0.0196372
device: 0x1484730 duration: 0.0193341
device: 0x147bcb0 duration: 0.0194335
device: 0x14834f0 duration: 0.019756
duration multTranspose ocl mod: 0.0330268
device: 0x1484730 kernel from: 0 to: 93056 -> range: 93056
device: 0x147bcb0 kernel from: 93056 to: 186112 -> range: 93056
device: 0x14834f0 kernel from: 186112 to: 279168 -> range: 93056
device: 0x1483cf0 kernel from: 279168 to: 371968 -> range: 92800
device: 0x1484730 duration: 0.03951
device: 0x147bcb0 duration: 0.0398029
device: 0x14834f0 duration: 0.040412
device: 0x1483cf0 duration: 0.0403835
duration mult ocl mod: 0.0484266
device: GeForce GTX 1080 Ti (0x1484730)  kernel from: 0 to: 12928 -> range: 12928 (with blocking: 12928)
device: GeForce GTX 1080 Ti (0x14834f0)  kernel from: 38784 to: 51328 -> range: 12544 (with blocking: 12544)
device: GeForce GTX 1080 Ti (0x1483cf0)  kernel from: 12928 to: 25856 -> range: 12928 (with blocking: 12928)
device: GeForce GTX 1080 Ti (0x147bcb0)  kernel from: 25856 to: 38784 -> range: 12928 (with blocking: 12928)
device: 0x1484730 duration: 0.0193505
device: 0x147bcb0 duration: 0.0194478
device: 0x14834f0 duration: 0.0197622
device: 0x1483cf0 duration: 0.0197252
duration multTranspose ocl mod: 0.0347657
device: 0x14834f0 kernel from: 0 to: 93056 -> range: 93056
device: 0x1484730 kernel from: 93056 to: 186112 -> range: 93056
device: 0x147bcb0 kernel from: 186112 to: 279168 -> range: 93056
device: 0x1483cf0 kernel from: 279168 to: 371968 -> range: 92800
device: 0x147bcb0 duration: device: 0x1484730 duration: 0.0398612
0.0395203
device: 0x14834f0 duration: 0.0404163
device: 0x1483cf0 duration: 0.0404204
duration mult ocl mod: 0.0487531
device: GeForce GTX 1080 Ti (0x1483cf0)  kernel from: 0 to: 12928 -> range: 12928 (with blocking: 12928)
device: GeForce GTX 1080 Ti (0x14834f0)  kernel from: 25856 to: 38784 -> range: 12928 (with blocking: 12928)
device: GeForce GTX 1080 Ti (0x147bcb0)  kernel from: 38784 to: 51328 -> range: 12544 (with blocking: 12544)
device: GeForce GTX 1080 Ti (0x1484730)  kernel from: 12928 to: 25856 -> range: 12928 (with blocking: 12928)
device: 0x1484730 duration: 0.0193638
device: 0x1483cf0 duration: 0.0197591
device: 0x14834f0 duration: 0.0197519
device: 0x147bcb0 duration: 0.0194191
duration multTranspose ocl mod: 0.0409086
device: 0x14834f0 kernel from: 0 to: 93056 -> range: 93056
device: 0x147bcb0 kernel from: 93056 to: 186112 -> range: 93056
device: 0x1483cf0 kernel from: 186112 to: 279168 -> range: 93056
device: 0x1484730 kernel from: 279168 to: 371968 -> range: 92800
device: 0x147bcb0 duration: 0.0398141
device: 0x1484730 duration: 0.0395151
device: 0x14834f0 duration: 0.0403773
device: 0x1483cf0 duration: 0.0404173
duration mult ocl mod: 0.0477883
device: GeForce GTX 1080 Ti (0x1484730)  kernel from: 0 to: 12928 -> range: 12928 (with blocking: 12928)
device: GeForce GTX 1080 Ti (0x1483cf0)  kernel from: 38784 to: 51328 -> range: 12544 (with blocking: 12544)
device: GeForce GTX 1080 Ti (0x147bcb0)  kernel from: 25856 to: 38784 -> range: 12928 (with blocking: 12928)
device: GeForce GTX 1080 Ti (0x14834f0)  kernel from: 12928 to: 25856 -> range: 12928 (with blocking: 12928)
device: 0x14834f0 duration: 0.0197632
device: 0x1484730 duration: 0.0193107
device: 0x147bcb0 duration: 0.0194417
device: 0x1483cf0 duration: 0.0196495
duration multTranspose ocl mod: 0.0310827
device: 0x147bcb0 kernel from: 0 to: 93056 -> range: 93056
device: 0x1484730 kernel from: 93056 to: 186112 -> range: 93056
device: 0x1483cf0 kernel from: 186112 to: 279168 -> range: 93056
device: 0x14834f0 kernel from: 279168 to: 371968 -> range: 92800
device: 0x1484730 duration: device: 0x147bcb0 duration: 0.0395233
0.0398162
device: 0x14834f0 duration: 0.0403783
device: 0x1483cf0 duration: 0.0404069
duration mult ocl mod: 0.0488805
device: GeForce GTX 1080 Ti (0x14834f0)  kernel from: 0 to: 12928 -> range: 12928 (with blocking: 12928)
device: GeForce GTX 1080 Ti (0x1483cf0)  kernel from: 12928 to: 25856 -> range: 12928 (with blocking: 12928)
device: GeForce GTX 1080 Ti (0x1484730)  kernel from: 25856 to: 38784 -> range: 12928 (with blocking: 12928)
device: GeForce GTX 1080 Ti (0x147bcb0)  kernel from: 38784 to: 51328 -> range: 12544 (with blocking: 12544)
device: 0x1484730 duration: 0.0194027
device: 0x147bcb0 duration: 0.0193864
device: 0x1483cf0 duration: 0.0196813
device: 0x14834f0 duration: 0.0197919
duration multTranspose ocl mod: 0.0308624
device: 0x1484730 kernel from: 0 to: 93056 -> range: 93056
device: 0x1483cf0 kernel from: 93056 to: 186112 -> range: 93056
device: 0x147bcb0 kernel from: 186112 to: 279168 -> range: 93056
device: 0x14834f0 kernel from: 279168 to: 371968 -> range: 92800
device: 0x1484730 duration: 0.0395081
device: 0x147bcb0 duration: 0.0398203
device: 0x1483cf0 duration: 0.0404378
device: 0x14834f0 duration: 0.0404029
duration mult ocl mod: 0.0452559
device: GeForce GTX 1080 Ti (0x14834f0)  kernel from: 0 to: 12928 -> range: 12928 (with blocking: 12928)
device: GeForce GTX 1080 Ti (0x147bcb0)  kernel from: 38784 to: 51328 -> range: 12544 (with blocking: 12544)
device: GeForce GTX 1080 Ti (0x1483cf0)  kernel from: 12928 to: 25856 -> range: 12928 (with blocking: 12928)
device: GeForce GTX 1080 Ti (0x1484730)  kernel from: 25856 to: 38784 -> range: 12928 (with blocking: 12928)
device: 0x1484730 duration: 0.0193475
device: 0x147bcb0 duration: 0.0194089
device: 0x14834f0 duration: device: 0x1483cf0 duration: 0.0197356
0.0196803
duration multTranspose ocl mod: 0.0281184
device: 0x147bcb0 kernel from: 0 to: 93056 -> range: 93056
device: 0x1483cf0 kernel from: 93056 to: 186112 -> range: 93056
device: 0x14834f0 kernel from: 186112 to: 279168 -> range: 93056
device: 0x1484730 kernel from: 279168 to: 371968 -> range: 92800
device: device: device: 0x1484730 duration: 0x1483cf0 duration: 0x14834f0 duration: 0.04037840.0395080.0403579


device: 0x147bcb0 duration: 0.0398346
duration mult ocl mod: 0.0477645
device: GeForce GTX 1080 Ti (0x1484730)  kernel from: 0 to: 0x3280 -> range: 0x3280 (with blocking: 0x3280)
device: GeForce GTX 1080 Ti (0x147bcb0)  kernel from: 0x9780 to: 0xc880 -> range: 0x3100 (with blocking: 0x3100)
device: GeForce GTX 1080 Ti (0x1483cf0)  kernel from: 0x6500 to: 0x9780 -> range: 0x3280 (with blocking: 0x3280)
device: GeForce GTX 1080 Ti (0x14834f0)  kernel from: 0x3280 to: 0x6500 -> range: 0x3280 (with blocking: 0x3280)
device: 0x1484730 duration: 0.0193485
device: 0x147bcb0 duration: 0.0195185
device: 0x14834f0 duration: 0.0197599
device: 0x1483cf0 duration: 0.0197253
duration multTranspose ocl mod: 0.032073
device: 0x1484730 kernel from: 0 to: 0x16b80 -> range: 0x16b80
device: 0x147bcb0 kernel from: 0x16b80 to: 0x2d700 -> range: 0x16b80
device: 0x1483cf0 kernel from: 0x2d700 to: 0x44280 -> range: 0x16b80
device: 0x14834f0 kernel from: 0x44280 to: 0x5ad00 -> range: 0x16a80
device: 0x1484730 duration: 0.0395161
device: 0x147bcb0 duration: 0.039808
device: 0x1483cf0 duration: 0.0403722
device: 0x14834f0 duration: 0.0404183
duration mult ocl mod: 0.0505721
device: GeForce GTX 1080 Ti (0x14834f0)  kernel from: 0 to: 0x3280 -> range: 0x3280 (with blocking: 0x3280)
device: GeForce GTX 1080 Ti (0x147bcb0)  kernel from: 0x9780 to: 0xc880 -> range: 0x3100 (with blocking: 0x3100)
device: GeForce GTX 1080 Ti (0x1484730)  kernel from: 0x6500 to: 0x9780 -> range: 0x3280 (with blocking: 0x3280)
device: GeForce GTX 1080 Ti (0x1483cf0)  kernel from: 0x3280 to: 0x6500 -> range: 0x3280 (with blocking: 0x3280)
device: 0x1484730 duration: 0.0193516
device: 0x147bcb0 duration: 0.0194406
device: 0x1483cf0 duration: 0.0197181
device: 0x14834f0 duration: 0.0197466
duration multTranspose ocl mod: 0.0294022
device: 0x147bcb0 kernel from: 0 to: 0x16b80 -> range: 0x16b80
device: 0x14834f0 kernel from: 0x16b80 to: 0x2d700 -> range: 0x16b80
device: 0x1483cf0 kernel from: 0x2d700 to: 0x44280 -> range: 0x16b80
device: 0x1484730 kernel from: 0x44280 to: 0x5ad00 -> range: 0x16a80
device: 0x147bcb0 duration: 0.0398613
device: 0x1484730 duration: 0.0395233
device: 0x1483cf0 duration: 0.0404059
device: 0x14834f0 duration: 0.0403988
duration mult ocl mod: 0.0479578
device: GeForce GTX 1080 Ti (0x14834f0)  kernel from: 0 to: 0x3280 -> range: 0x3280 (with blocking: 0x3280)
device: GeForce GTX 1080 Ti (0x147bcb0)  kernel from: 0x9780 to: 0xc880 -> range: 0x3100 (with blocking: 0x3100)
device: GeForce GTX 1080 Ti (0x1483cf0)  kernel from: 0x3280 to: 0x6500 -> range: 0x3280 (with blocking: 0x3280)
device: GeForce GTX 1080 Ti (0x1484730)  kernel from: 0x6500 to: 0x9780 -> range: 0x3280 (with blocking: 0x3280)
device: 0x14834f0 duration: 0.0197663
device: 0x1484730 duration: 0.0193505
device: 0x147bcb0 duration: 0.0194417
device: 0x1483cf0 duration: 0.0197243
duration multTranspose ocl mod: 0.0294837
device: 0x1483cf0 kernel from: 0 to: 0x16b80 -> range: 0x16b80
device: 0x14834f0 kernel from: 0x16b80 to: 0x2d700 -> range: 0x16b80
device: 0x1484730 kernel from: 0x2d700 to: 0x44280 -> range: 0x16b80
device: 0x147bcb0 kernel from: 0x44280 to: 0x5ad00 -> range: 0x16a80
device: 0x14834f0 duration: 0.0404173
device: 0x1483cf0 duration: 0.0404337
