./datadriven/examplesOCL/regression_cmd --trainingFileName ../../DissertationCodeGTX/datasets/DR5/DR5_nowarnings_less05_train.arff --testFileName ../../DissertationCodeGTX/datasets/DR5/DR5_nowarnings_less05_test.arff --learnerMode LEARNTEST --grid.level 10 --lambda 1E-5 --grid.type ModLinear --verbose true --additionalConfig results_diss/DR5_scaling_ocl_float_gtx1080ti_5.cfg --operation.type STREAMING --operation.subType OCLFASTMP --solverFinal.maxIterations 500 --solverFinal.eps 0 --isRegression true --adaptConfig.support_refinement_min_support 500 --adaptConfig.support_refinement_ocl_config results_diss/DR5_scaling_ocl_float_gtx1080ti_5.cfg --adaptConfig.use_support_refinement --do_dummy_ocl_init
OCL Info: 2 OpenCL platforms have been found
OCL Info: detected platform, name: "Intel(R) OpenCL"
OCL Info: detected platform vendor name: "Intel(R) Corporation"
OCL Info: platform not configured, skipping...
OCL Info: detected platform, name: "NVIDIA CUDA"
OCL Info: detected platform vendor name: "NVIDIA Corporation"
OCL Info: using platform, name: "NVIDIA CUDA"
OCL Info: platform device count: 8
OCL Info: detected device, name: "GeForce GTX 1080 Ti"
OCL Info: using device, name: "GeForce GTX 1080 Ti"
OCL Info: detected device, name: "GeForce GTX 1080 Ti"
OCL Info: using device, name: "GeForce GTX 1080 Ti"
OCL Info: detected device, name: "GeForce GTX 1080 Ti"
OCL Info: using device, name: "GeForce GTX 1080 Ti"
OCL Info: detected device, name: "GeForce GTX 1080 Ti"
OCL Info: using device, name: "GeForce GTX 1080 Ti"
OCL Info: detected device, name: "GeForce GTX 1080 Ti"
OCL Info: using device, name: "GeForce GTX 1080 Ti"
OCL Info: detected device, name: "GeForce GTX 1080 Ti"
OCL Info: detected device, name: "GeForce GTX 1080 Ti"
OCL Info: detected device, name: "GeForce GTX 1080 Ti"
ocl dummy initalization duration: 7.89959
instances: 371908
support_refinement_min_support:500
OCL Info: 2 OpenCL platforms have been found
OCL Info: detected platform, name: "Intel(R) OpenCL"
OCL Info: detected platform vendor name: "Intel(R) Corporation"
OCL Info: platform not configured, skipping...
OCL Info: detected platform, name: "NVIDIA CUDA"
OCL Info: detected platform vendor name: "NVIDIA Corporation"
OCL Info: using platform, name: "NVIDIA CUDA"
OCL Info: platform device count: 8
OCL Info: detected device, name: "GeForce GTX 1080 Ti"
OCL Info: using device, name: "GeForce GTX 1080 Ti"
OCL Info: detected device, name: "GeForce GTX 1080 Ti"
OCL Info: using device, name: "GeForce GTX 1080 Ti"
OCL Info: detected device, name: "GeForce GTX 1080 Ti"
OCL Info: using device, name: "GeForce GTX 1080 Ti"
OCL Info: detected device, name: "GeForce GTX 1080 Ti"
OCL Info: using device, name: "GeForce GTX 1080 Ti"
OCL Info: detected device, name: "GeForce GTX 1080 Ti"
OCL Info: using device, name: "GeForce GTX 1080 Ti"
OCL Info: detected device, name: "GeForce GTX 1080 Ti"
OCL Info: detected device, name: "GeForce GTX 1080 Ti"
OCL Info: detected device, name: "GeForce GTX 1080 Ti"
ocl_init_duration: 1.56115
warning: support refinement: more than one device configured, using first device only!
building kernel: verify_support
building with optimization flags: 
--- Begin Build Log ---


--- End Build Log ---
num_candidates: 1
num_candidates: 1 num_candidates_padded: 256 grid_size: 256 block_size: 256
duration (s): 0.316717
candidates with support: 1
num_candidates: 10
num_candidates: 10 num_candidates_padded: 256 grid_size: 256 block_size: 256
duration (s): 0.280108
candidates with support: 10
num_candidates: 60
num_candidates: 60 num_candidates_padded: 256 grid_size: 256 block_size: 256
duration (s): 0.275234
candidates with support: 52
num_candidates: 236
num_candidates: 236 num_candidates_padded: 256 grid_size: 256 block_size: 256
duration (s): 0.276626
candidates with support: 181
num_candidates: 706
num_candidates: 706 num_candidates_padded: 768 grid_size: 768 block_size: 256
duration (s): 0.278665
candidates with support: 503
num_candidates: 1786
num_candidates: 1786 num_candidates_padded: 1792 grid_size: 1792 block_size: 256
duration (s): 0.279261
candidates with support: 1241
num_candidates: 4140
num_candidates: 4140 num_candidates_padded: 4352 grid_size: 4352 block_size: 256
duration (s): 0.279475
candidates with support: 2886
num_candidates: 9216
num_candidates: 9216 num_candidates_padded: 9216 grid_size: 9216 block_size: 256
duration (s): 0.313609
candidates with support: 6397
num_candidates: 19682
num_candidates: 19682 num_candidates_padded: 19712 grid_size: 19712 block_size: 256
duration (s): 0.407733
candidates with support: 13464
num_candidates: 40066
num_candidates: 40066 num_candidates_padded: 40192 grid_size: 40192 block_size: 256
duration (s): 0.785318
candidates with support: 26558
datadriven refinement done, grid size: 51293
creating createOperationMultipleEval type: DEFAULT, using base operator factory
creating createOperationMultipleEval grid: ModLinear type: STREAMING subType: OCLFASTMP
OCL Info: 2 OpenCL platforms have been found
OCL Info: detected platform, name: "Intel(R) OpenCL"
OCL Info: detected platform vendor name: "Intel(R) Corporation"
OCL Info: detected platform, name: "NVIDIA CUDA"
OCL Info: detected platform vendor name: "NVIDIA Corporation"
OCL Info: using platform, name: "NVIDIA CUDA"
OCL Info: detected device, name: "GeForce GTX 1080 Ti"
OCL Info: using device, name: "GeForce GTX 1080 Ti"
OCL Info: detected device, name: "GeForce GTX 1080 Ti"
OCL Info: using device, name: "GeForce GTX 1080 Ti"
OCL Info: detected device, name: "GeForce GTX 1080 Ti"
OCL Info: using device, name: "GeForce GTX 1080 Ti"
OCL Info: detected device, name: "GeForce GTX 1080 Ti"
OCL Info: using device, name: "GeForce GTX 1080 Ti"
OCL Info: detected device, name: "GeForce GTX 1080 Ti"
OCL Info: using device, name: "GeForce GTX 1080 Ti"
OCL Info: detected device, name: "GeForce GTX 1080 Ti"
OCL Info: detected device, name: "GeForce GTX 1080 Ti"
OCL Info: detected device, name: "GeForce GTX 1080 Ti"
Starting Learning....

Doing refinement: 0
Grid Size: 51293
entering multTranspose, device: GeForce GTX 1080 Ti (0x1cc5cb0)
entering multTranspose, device: GeForce GTX 1080 Ti (0x1ccd4f0)
entering multTranspose, device: GeForce GTX 1080 Ti (0x1cce730)
entering multTranspose, device: GeForce GTX 1080 Ti (0x1cce4f0)
entering multTranspose, device: GeForce GTX 1080 Ti (0x1ccdcf0)
building with optimization flags: 
building with optimization flags: 
building with optimization flags: 
building with optimization flags: 
building with optimization flags: 
--- Begin Build Log ---


--- End Build Log ---
--- Begin Build Log ---


--- End Build Log ---
--- Begin Build Log ---


--- End Build Log ---
--- Begin Build Log ---


--- End Build Log ---
--- Begin Build Log ---


--- End Build Log ---
device: GeForce GTX 1080 Ti (0x1cc5cb0)  kernel from: 0 to: 51328 -> range: 51328 (with blocking: 51328)
device: GeForce GTX 1080 Ti (0x1cc5cb0) duration: 0.706774
duration multTranspose ocl: 0.847196
GeForce GTX 1080 Ti
GeForce GTX 1080 Ti
GeForce GTX 1080 Ti
GeForce GTX 1080 Ti
GeForce GTX 1080 Ti
entering mult, device: GeForce GTX 1080 Ti (0x1cc5cb0)
entering mult, device: GeForce GTX 1080 Ti (0x1cce730)
entering mult, device: GeForce GTX 1080 Ti (0x1ccdcf0)
entering mult, device: GeForce GTX 1080 Ti (0x1cce4f0)
entering mult, device: GeForce GTX 1080 Ti (0x1ccd4f0)
building with optimization flags: 
building with optimization flags: 
building with optimization flags: 
building with optimization flags: 
building with optimization flags: 
--- Begin Build Log ---


--- End Build Log ---
--- Begin Build Log ---


--- End Build Log ---
--- Begin Build Log ---


--- End Build Log ---
--- Begin Build Log ---


--- End Build Log ---
--- Begin Build Log ---


--- End Build Log ---
device: GeForce GTX 1080 Ti (0x1cc5cb0)  kernel from: 0 to: 74496 -> range: 74496 (with blocking: 74496)
device: GeForce GTX 1080 Ti (0x1ccd4f0)  kernel from: 297984 to: 371968 -> range: 73984 (with blocking: 73984)
device: GeForce GTX 1080 Ti (0x1ccdcf0)  kernel from: 148992 to: 223488 -> range: 74496 (with blocking: 74496)
device: GeForce GTX 1080 Ti (0x1cce730)  kernel from: 74496 to: 148992 -> range: 74496 (with blocking: 74496)
device: GeForce GTX 1080 Ti (0x1cce4f0)  kernel from: 223488 to: 297984 -> range: 74496 (with blocking: 74496)
device: GeForce GTX 1080 Ti (0x1cc5cb0) duration: 0.0521411
device: GeForce GTX 1080 Ti (0x1ccd4f0) duration: 0.0666665
device: GeForce GTX 1080 Ti (0x1ccdcf0) duration: 0.0675758
device: GeForce GTX 1080 Ti (0x1cce730) duration: 0.0679128
device: GeForce GTX 1080 Ti (0x1cce4f0) duration: 0.0786842
duration mult ocl: 0.255277
entering multTranspose, device: GeForce GTX 1080 Ti (0x1cce730)
entering multTranspose, device: GeForce GTX 1080 Ti (0x1ccdcf0)
entering multTranspose, device: GeForce GTX 1080 Ti (0x1cce4f0)
entering multTranspose, device: GeForce GTX 1080 Ti (0x1cc5cb0)
entering multTranspose, device: GeForce GTX 1080 Ti (0x1ccd4f0)
device: GeForce GTX 1080 Ti (0x1ccdcf0)  kernel from: 0 to: 51328 -> range: 51328 (with blocking: 51328)
device: GeForce GTX 1080 Ti (0x1ccdcf0) duration: 0.739543
duration multTranspose ocl: 0.753057
GeForce GTX 1080 Ti
GeForce GTX 1080 Ti
GeForce GTX 1080 Ti
GeForce GTX 1080 Ti
GeForce GTX 1080 Ti
entering mult, device: GeForce GTX 1080 Ti (0x1ccdcf0)
entering mult, device: GeForce GTX 1080 Ti (0x1cce4f0)
entering mult, device: GeForce GTX 1080 Ti (0x1cc5cb0)
entering mult, device: GeForce GTX 1080 Ti (0x1ccd4f0)
entering mult, device: GeForce GTX 1080 Ti (0x1cce730)
device: GeForce GTX 1080 Ti (0x1cce730)  kernel from: 0 to: 74496 -> range: 74496 (with blocking: 74496)
device: GeForce GTX 1080 Ti (0x1ccdcf0)  kernel from: 148992 to: 223488 -> range: 74496 (with blocking: 74496)
device: GeForce GTX 1080 Ti (0x1ccd4f0)  kernel from: 297984 to: 371968 -> range: 73984 (with blocking: 73984)
device: GeForce GTX 1080 Ti (0x1cc5cb0)  kernel from: 223488 to: 297984 -> range: 74496 (with blocking: 74496)
device: GeForce GTX 1080 Ti (0x1cce4f0)  kernel from: 74496 to: 148992 -> range: 74496 (with blocking: 74496)
device: GeForce GTX 1080 Ti (0x1cc5cb0) duration: 0.0520591
device: GeForce GTX 1080 Ti (0x1ccdcf0) duration: 0.0616069
device: GeForce GTX 1080 Ti (0x1ccd4f0) duration: 0.0666634
device: GeForce GTX 1080 Ti (0x1cce730) duration: 0.0670535
device: GeForce GTX 1080 Ti (0x1cce4f0) duration: 0.0679956
duration mult ocl: 0.0788486
entering multTranspose, device: GeForce GTX 1080 Ti (0x1cce730)
entering multTranspose, device: GeForce GTX 1080 Ti (0x1cc5cb0)
entering multTranspose, device: GeForce GTX 1080 Ti (0x1ccd4f0)
entering multTranspose, device: GeForce GTX 1080 Ti (0x1ccdcf0)
entering multTranspose, device: GeForce GTX 1080 Ti (0x1cce4f0)
device: GeForce GTX 1080 Ti (0x1ccd4f0)  kernel from: 0 to: 51328 -> range: 51328 (with blocking: 51328)
device: GeForce GTX 1080 Ti (0x1ccd4f0) duration: 0.739123
duration multTranspose ocl: 0.754575
GeForce GTX 1080 Ti
GeForce GTX 1080 Ti
GeForce GTX 1080 Ti
GeForce GTX 1080 Ti
GeForce GTX 1080 Ti
entering mult, device: GeForce GTX 1080 Ti (0x1ccd4f0)
entering mult, device: GeForce GTX 1080 Ti (0x1cc5cb0)
entering mult, device: GeForce GTX 1080 Ti (0x1ccdcf0)
entering mult, device: GeForce GTX 1080 Ti (0x1cce4f0)
entering mult, device: GeForce GTX 1080 Ti (0x1cce730)
device: GeForce GTX 1080 Ti (0x1cce730)  kernel from: 74496 to: 148992 -> range: 74496 (with blocking: 74496)
device: GeForce GTX 1080 Ti (0x1ccdcf0)  kernel from: 0 to: 74496 -> range: 74496 (with blocking: 74496)
device: GeForce GTX 1080 Ti (0x1cc5cb0)  kernel from: 297984 to: 371968 -> range: 73984 (with blocking: 73984)
device: GeForce GTX 1080 Ti (0x1ccd4f0)  kernel from: 223488 to: 297984 -> range: 74496 (with blocking: 74496)
device: GeForce GTX 1080 Ti (0x1cce4f0)  kernel from: 148992 to: 223488 -> range: 74496 (with blocking: 74496)
device: GeForce GTX 1080 Ti (0x1cc5cb0) duration: 0.0519987
device: GeForce GTX 1080 Ti (0x1ccdcf0) duration: 0.0527124
device: GeForce GTX 1080 Ti (0x1ccd4f0) duration: 0.0527636
device: GeForce GTX 1080 Ti (0x1cce730) duration: 0.0670524
device: GeForce GTX 1080 Ti (0x1cce4f0) duration: 0.0680325
duration mult ocl: 0.0793662
entering multTranspose, device: GeForce GTX 1080 Ti (0x1ccd4f0)
entering multTranspose, device: GeForce GTX 1080 Ti (0x1cce4f0)
entering multTranspose, device: GeForce GTX 1080 Ti (0x1cc5cb0)
entering multTranspose, device: GeForce GTX 1080 Ti (0x1cce730)
entering multTranspose, device: GeForce GTX 1080 Ti (0x1ccdcf0)
device: GeForce GTX 1080 Ti (0x1cce4f0)  kernel from: 0 to: 51328 -> range: 51328 (with blocking: 51328)
device: GeForce GTX 1080 Ti (0x1cce4f0) duration: 0.711997
duration multTranspose ocl: 0.72617
GeForce GTX 1080 Ti
GeForce GTX 1080 Ti
GeForce GTX 1080 Ti
GeForce GTX 1080 Ti
GeForce GTX 1080 Ti
entering mult, device: GeForce GTX 1080 Ti (0x1cce4f0)
entering mult, device: GeForce GTX 1080 Ti (0x1cce730)
entering mult, device: GeForce GTX 1080 Ti (0x1cc5cb0)
entering mult, device: GeForce GTX 1080 Ti (0x1ccdcf0)
entering mult, device: GeForce GTX 1080 Ti (0x1ccd4f0)
device: GeForce GTX 1080 Ti (0x1cce4f0)  kernel from: 0 to: 74496 -> range: 74496 (with blocking: 74496)
device: GeForce GTX 1080 Ti (0x1ccdcf0)  kernel from: 297984 to: 371968 -> range: 73984 (with blocking: 73984)
device: GeForce GTX 1080 Ti (0x1cce730)  kernel from: 74496 to: 148992 -> range: 74496 (with blocking: 74496)
device: GeForce GTX 1080 Ti (0x1cc5cb0)  kernel from: 148992 to: 223488 -> range: 74496 (with blocking: 74496)
device: GeForce GTX 1080 Ti (0x1ccd4f0)  kernel from: 223488 to: 297984 -> range: 74496 (with blocking: 74496)
device: GeForce GTX 1080 Ti (0x1ccdcf0) duration: 0.0527135
device: GeForce GTX 1080 Ti (0x1ccd4f0) duration: 0.0527544
device: GeForce GTX 1080 Ti (0x1cce4f0) duration: 0.0553626
device: GeForce GTX 1080 Ti (0x1cce730) duration: 0.0670403
device: GeForce GTX 1080 Ti (0x1cc5cb0) duration: 0.0698143
duration mult ocl: 0.0819209
entering multTranspose, device: GeForce GTX 1080 Ti (0x1ccd4f0)
entering multTranspose, device: GeForce GTX 1080 Ti (0x1cc5cb0)
entering multTranspose, device: GeForce GTX 1080 Ti (0x1ccdcf0)
entering multTranspose, device: GeForce GTX 1080 Ti (0x1cce730)
entering multTranspose, device: GeForce GTX 1080 Ti (0x1cce4f0)
device: GeForce GTX 1080 Ti (0x1cc5cb0)  kernel from: 0 to: 51328 -> range: 51328 (with blocking: 51328)
device: GeForce GTX 1080 Ti (0x1cc5cb0) duration: 0.723457
duration multTranspose ocl: 0.729877
GeForce GTX 1080 Ti
GeForce GTX 1080 Ti
GeForce GTX 1080 Ti
GeForce GTX 1080 Ti
GeForce GTX 1080 Ti
entering mult, device: GeForce GTX 1080 Ti (0x1cc5cb0)
entering mult, device: GeForce GTX 1080 Ti (0x1ccd4f0)
entering mult, device: GeForce GTX 1080 Ti (0x1cce730)
entering mult, device: GeForce GTX 1080 Ti (0x1ccdcf0)
entering mult, device: GeForce GTX 1080 Ti (0x1cce4f0)
device: GeForce GTX 1080 Ti (0x1ccd4f0)  kernel from: 0 to: 74496 -> range: 74496 (with blocking: 74496)
device: GeForce GTX 1080 Ti (0x1cc5cb0)  kernel from: 74496 to: 148992 -> range: 74496 (with blocking: 74496)
device: GeForce GTX 1080 Ti (0x1cce730)  kernel from: 148992 to: 223488 -> range: 74496 (with blocking: 74496)
device: GeForce GTX 1080 Ti (0x1cce4f0)  kernel from: 223488 to: 297984 -> range: 74496 (with blocking: 74496)
device: GeForce GTX 1080 Ti (0x1ccdcf0)  kernel from: 297984 to: 371968 -> range: 73984 (with blocking: 73984)
device: GeForce GTX 1080 Ti (0x1cc5cb0) duration: 0.052009
device: GeForce GTX 1080 Ti (0x1ccd4f0) duration: 0.0527739
device: GeForce GTX 1080 Ti (0x1ccdcf0) duration: 0.0527032
device: GeForce GTX 1080 Ti (0x1cce4f0) duration: 0.0570491
device: GeForce GTX 1080 Ti (0x1cce730) duration: 0.067031
duration mult ocl: 0.0732043
entering multTranspose, device: GeForce GTX 1080 Ti (0x1ccdcf0)
entering multTranspose, device: GeForce GTX 1080 Ti (0x1cc5cb0)
entering multTranspose, device: GeForce GTX 1080 Ti (0x1cce4f0)
entering multTranspose, device: GeForce GTX 1080 Ti (0x1cce730)
entering multTranspose, device: GeForce GTX 1080 Ti (0x1ccd4f0)
device: GeForce GTX 1080 Ti (0x1ccdcf0)  kernel from: 0 to: 51328 -> range: 51328 (with blocking: 51328)
device: GeForce GTX 1080 Ti (0x1ccdcf0) duration: 0.713401
duration multTranspose ocl: 0.718001
GeForce GTX 1080 Ti
GeForce GTX 1080 Ti
GeForce GTX 1080 Ti
GeForce GTX 1080 Ti
GeForce GTX 1080 Ti
entering mult, device: GeForce GTX 1080 Ti (0x1ccdcf0)
entering mult, device: GeForce GTX 1080 Ti (0x1ccd4f0)
entering mult, device: GeForce GTX 1080 Ti (0x1cce730)
entering mult, device: GeForce GTX 1080 Ti (0x1cc5cb0)
entering mult, device: GeForce GTX 1080 Ti (0x1cce4f0)
device: GeForce GTX 1080 Ti (0x1cc5cb0)  kernel from: 0 to: 74496 -> range: 74496 (with blocking: 74496)
device: GeForce GTX 1080 Ti (0x1ccdcf0)  kernel from: 74496 to: 148992 -> range: 74496 (with blocking: 74496)
device: GeForce GTX 1080 Ti (0x1ccd4f0)  kernel from: 297984 to: 371968 -> range: 73984 (with blocking: 73984)
device: GeForce GTX 1080 Ti (0x1cce4f0)  kernel from: 148992 to: 223488 -> range: 74496 (with blocking: 74496)
device: GeForce GTX 1080 Ti (0x1cce730)  kernel from: 223488 to: 297984 -> range: 74496 (with blocking: 74496)
device: GeForce GTX 1080 Ti (0x1cc5cb0) duration: 0.0520131
device: GeForce GTX 1080 Ti (0x1ccdcf0) duration: 0.0527043
device: GeForce GTX 1080 Ti (0x1ccd4f0) duration: 0.0527688
device: GeForce GTX 1080 Ti (0x1cce4f0) duration: 0.0553472
device: GeForce GTX 1080 Ti (0x1cce730) duration: 0.0670597
duration mult ocl: 0.0775827
entering multTranspose, device: GeForce GTX 1080 Ti (0x1cce730)
entering multTranspose, device: GeForce GTX 1080 Ti (0x1ccd4f0)
entering multTranspose, device: GeForce GTX 1080 Ti (0x1cce4f0)
entering multTranspose, device: GeForce GTX 1080 Ti (0x1cc5cb0)
entering multTranspose, device: GeForce GTX 1080 Ti (0x1ccdcf0)
device: GeForce GTX 1080 Ti (0x1ccd4f0)  kernel from: 0 to: 51328 -> range: 51328 (with blocking: 51328)
device: GeForce GTX 1080 Ti (0x1ccd4f0) duration: 0.712345
duration multTranspose ocl: 0.71931
GeForce GTX 1080 Ti
GeForce GTX 1080 Ti
GeForce GTX 1080 Ti
GeForce GTX 1080 Ti
GeForce GTX 1080 Ti
entering mult, device: GeForce GTX 1080 Ti (0x1ccd4f0)
entering mult, device: GeForce GTX 1080 Ti (0x1cce730)
entering mult, device: GeForce GTX 1080 Ti (0x1ccdcf0)
entering mult, device: GeForce GTX 1080 Ti (0x1cce4f0)
entering mult, device: GeForce GTX 1080 Ti (0x1cc5cb0)
device: GeForce GTX 1080 Ti (0x1cce730)  kernel from: 0 to: 74496 -> range: 74496 (with blocking: 74496)
device: GeForce GTX 1080 Ti (0x1ccdcf0)  kernel from: 148992 to: 223488 -> range: 74496 (with blocking: 74496)
device: GeForce GTX 1080 Ti (0x1ccd4f0)  kernel from: 297984 to: 371968 -> range: 73984 (with blocking: 73984)
device: GeForce GTX 1080 Ti (0x1cc5cb0)  kernel from: 223488 to: 297984 -> range: 74496 (with blocking: 74496)
device: GeForce GTX 1080 Ti (0x1cce4f0)  kernel from: 74496 to: 148992 -> range: 74496 (with blocking: 74496)
device: GeForce GTX 1080 Ti (0x1ccd4f0) duration: 0.0527667
device: GeForce GTX 1080 Ti (0x1cc5cb0) duration: 0.0520017
device: GeForce GTX 1080 Ti (0x1ccdcf0) duration: 0.0527143
device: GeForce GTX 1080 Ti (0x1cce4f0) duration: 0.0570061
device: GeForce GTX 1080 Ti (0x1cce730) duration: 0.0670423
duration mult ocl: 0.0734354
entering multTranspose, device: GeForce GTX 1080 Ti (0x1cce730)
entering multTranspose, device: GeForce GTX 1080 Ti (0x1cce4f0)
entering multTranspose, device: GeForce GTX 1080 Ti (0x1ccd4f0)
entering multTranspose, device: GeForce GTX 1080 Ti (0x1cc5cb0)
entering multTranspose, device: GeForce GTX 1080 Ti (0x1ccdcf0)
device: GeForce GTX 1080 Ti (0x1cc5cb0)  kernel from: 0 to: 51328 -> range: 51328 (with blocking: 51328)
device: GeForce GTX 1080 Ti (0x1cc5cb0) duration: 0.708152
duration multTranspose ocl: 0.715482
GeForce GTX 1080 Ti
GeForce GTX 1080 Ti
GeForce GTX 1080 Ti
GeForce GTX 1080 Ti
GeForce GTX 1080 Ti
entering mult, device: GeForce GTX 1080 Ti (0x1ccd4f0)
entering mult, device: GeForce GTX 1080 Ti (0x1ccdcf0)
entering mult, device: GeForce GTX 1080 Ti (0x1cc5cb0)
entering mult, device: GeForce GTX 1080 Ti (0x1cce4f0)
entering mult, device: GeForce GTX 1080 Ti (0x1cce730)
device: GeForce GTX 1080 Ti (0x1ccd4f0)  kernel from: 74496 to: 148992 -> range: 74496 (with blocking: 74496)
device: GeForce GTX 1080 Ti (0x1cc5cb0)  kernel from: 0 to: 74496 -> range: 74496 (with blocking: 74496)
device: GeForce GTX 1080 Ti (0x1cce730)  kernel from: 148992 to: 223488 -> range: 74496 (with blocking: 74496)
device: GeForce GTX 1080 Ti (0x1ccdcf0)  kernel from: 297984 to: 371968 -> range: 73984 (with blocking: 73984)
device: GeForce GTX 1080 Ti (0x1cce4f0)  kernel from: 223488 to: 297984 -> range: 74496 (with blocking: 74496)
device: GeForce GTX 1080 Ti (0x1cc5cb0) duration: 0.0520038
device: GeForce GTX 1080 Ti (0x1ccd4f0) duration: 0.0527626
device: GeForce GTX 1080 Ti (0x1ccdcf0) duration: 0.0527104
device: GeForce GTX 1080 Ti (0x1cce4f0) duration: 0.0553492
device: GeForce GTX 1080 Ti (0x1cce730) duration: 0.0678892
duration mult ocl: 0.0779534
entering multTranspose, device: GeForce GTX 1080 Ti (0x1cce730)
entering multTranspose, device: GeForce GTX 1080 Ti (0x1ccdcf0)
entering multTranspose, device: GeForce GTX 1080 Ti (0x1cc5cb0)
entering multTranspose, device: GeForce GTX 1080 Ti (0x1ccd4f0)
entering multTranspose, device: GeForce GTX 1080 Ti (0x1cce4f0)
device: GeForce GTX 1080 Ti (0x1ccdcf0)  kernel from: 0 to: 51328 -> range: 51328 (with blocking: 51328)
device: GeForce GTX 1080 Ti (0x1ccdcf0) duration: 0.712947
duration multTranspose ocl: 0.719429
GeForce GTX 1080 Ti
GeForce GTX 1080 Ti
GeForce GTX 1080 Ti
GeForce GTX 1080 Ti
GeForce GTX 1080 Ti
entering mult, device: GeForce GTX 1080 Ti (0x1cce730)
entering mult, device: GeForce GTX 1080 Ti (0x1ccd4f0)
entering mult, device: GeForce GTX 1080 Ti (0x1cc5cb0)
entering mult, device: GeForce GTX 1080 Ti (0x1ccdcf0)
entering mult, device: GeForce GTX 1080 Ti (0x1cce4f0)
device: GeForce GTX 1080 Ti (0x1ccd4f0)  kernel from: 0 to: 74496 -> range: 74496 (with blocking: 74496)
device: GeForce GTX 1080 Ti (0x1cce4f0)  kernel from: 223488 to: 297984 -> range: 74496 (with blocking: 74496)
device: GeForce GTX 1080 Ti (0x1ccdcf0)  kernel from: 148992 to: 223488 -> range: 74496 (with blocking: 74496)
device: GeForce GTX 1080 Ti (0x1cce730)  kernel from: 297984 to: 371968 -> range: 73984 (with blocking: 73984)
device: GeForce GTX 1080 Ti (0x1cc5cb0)  kernel from: 74496 to: 148992 -> range: 74496 (with blocking: 74496)
device: GeForce GTX 1080 Ti (0x1cc5cb0) duration: 0.0526428
device: GeForce GTX 1080 Ti (0x1ccd4f0) duration: 0.0527514
device: GeForce GTX 1080 Ti (0x1ccdcf0) duration: 0.0526991
device: GeForce GTX 1080 Ti (0x1cce730) duration: 0.0670536
device: GeForce GTX 1080 Ti (0x1cce4f0) duration: 0.0755405
duration mult ocl: 0.0895894
entering multTranspose, device: GeForce GTX 1080 Ti (0x1ccd4f0)
entering multTranspose, device: GeForce GTX 1080 Ti (0x1cce4f0)
entering multTranspose, device: GeForce GTX 1080 Ti (0x1ccdcf0)
entering multTranspose, device: GeForce GTX 1080 Ti (0x1cc5cb0)
entering multTranspose, device: GeForce GTX 1080 Ti (0x1cce730)
device: GeForce GTX 1080 Ti (0x1cc5cb0)  kernel from: 0 to: 51328 -> range: 51328 (with blocking: 51328)
device: GeForce GTX 1080 Ti (0x1cc5cb0) duration: 0.706732
duration multTranspose ocl: 0.713593
GeForce GTX 1080 Ti
GeForce GTX 1080 Ti
GeForce GTX 1080 Ti
GeForce GTX 1080 Ti
GeForce GTX 1080 Ti
entering mult, device: GeForce GTX 1080 Ti (0x1cce4f0)
entering mult, device: GeForce GTX 1080 Ti (0x1ccd4f0)
entering mult, device: GeForce GTX 1080 Ti (0x1cce730)
entering mult, device: GeForce GTX 1080 Ti (0x1ccdcf0)
entering mult, device: GeForce GTX 1080 Ti (0x1cc5cb0)
device: GeForce GTX 1080 Ti (0x1ccdcf0)  kernel from: 0 to: 74496 -> range: 74496 (with blocking: 74496)
device: GeForce GTX 1080 Ti (0x1cc5cb0)  kernel from: 297984 to: 371968 -> range: 73984 (with blocking: 73984)
device: GeForce GTX 1080 Ti (0x1cce4f0)  kernel from: 74496 to: 148992 -> range: 74496 (with blocking: 74496)
device: GeForce GTX 1080 Ti (0x1ccd4f0)  kernel from: 148992 to: 223488 -> range: 74496 (with blocking: 74496)
device: GeForce GTX 1080 Ti (0x1cce730)  kernel from: 223488 to: 297984 -> range: 74496 (with blocking: 74496)
device: GeForce GTX 1080 Ti (0x1cc5cb0) duration: 0.0519885
device: GeForce GTX 1080 Ti (0x1ccdcf0) duration: 0.0527073
device: GeForce GTX 1080 Ti (0x1ccd4f0) duration: 0.0527739
device: GeForce GTX 1080 Ti (0x1cce4f0) duration: 0.0539935
device: GeForce GTX 1080 Ti (0x1cce730) duration: 0.0670505
duration mult ocl: 0.0788439
entering multTranspose, device: GeForce GTX 1080 Ti (0x1ccdcf0)
entering multTranspose, device: GeForce GTX 1080 Ti (0x1cc5cb0)
entering multTranspose, device: GeForce GTX 1080 Ti (0x1ccd4f0)
entering multTranspose, device: GeForce GTX 1080 Ti (0x1cce4f0)
entering multTranspose, device: GeForce GTX 1080 Ti (0x1cce730)
device: GeForce GTX 1080 Ti (0x1cce4f0)  kernel from: 0 to: 51328 -> range: 51328 (with blocking: 51328)
device: GeForce GTX 1080 Ti (0x1cce4f0) duration: 0.710906
duration multTranspose ocl: 0.717623
GeForce GTX 1080 Ti
GeForce GTX 1080 Ti
GeForce GTX 1080 Ti
GeForce GTX 1080 Ti
GeForce GTX 1080 Ti
entering mult, device: GeForce GTX 1080 Ti (0x1cce4f0)
entering mult, device: GeForce GTX 1080 Ti (0x1ccdcf0)
entering mult, device: GeForce GTX 1080 Ti (0x1cce730)
entering mult, device: GeForce GTX 1080 Ti (0x1cc5cb0)
entering mult, device: GeForce GTX 1080 Ti (0x1ccd4f0)
device: GeForce GTX 1080 Ti (0x1cce4f0)  kernel from: 0 to: 74496 -> range: 74496 (with blocking: 74496)
device: GeForce GTX 1080 Ti (0x1cc5cb0)  kernel from: 223488 to: 297984 -> range: 74496 (with blocking: 74496)
device: GeForce GTX 1080 Ti (0x1cce730)  kernel from: 148992 to: 223488 -> range: 74496 (with blocking: 74496)
device: GeForce GTX 1080 Ti (0x1ccd4f0)  kernel from: 297984 to: 371968 -> range: 73984 (with blocking: 73984)
device: GeForce GTX 1080 Ti (0x1ccdcf0)  kernel from: 74496 to: 148992 -> range: 74496 (with blocking: 74496)
device: GeForce GTX 1080 Ti (0x1cce4f0) duration: 0.0540396
device: GeForce GTX 1080 Ti (0x1ccdcf0) duration: 0.0527596
device: GeForce GTX 1080 Ti (0x1cc5cb0) duration: 0.0520028
device: GeForce GTX 1080 Ti (0x1ccd4f0) duration: 0.0622664
device: GeForce GTX 1080 Ti (0x1cce730) duration: 0.0671119
duration mult ocl: 0.0800515
entering multTranspose, device: GeForce GTX 1080 Ti (0x1cce4f0)
entering multTranspose, device: GeForce GTX 1080 Ti (0x1cc5cb0)
entering multTranspose, device: GeForce GTX 1080 Ti (0x1ccd4f0)
entering multTranspose, device: GeForce GTX 1080 Ti (0x1cce730)
entering multTranspose, device: GeForce GTX 1080 Ti (0x1ccdcf0)
device: GeForce GTX 1080 Ti (0x1cce730)  kernel from: 0 to: 51328 -> range: 51328 (with blocking: 51328)
device: GeForce GTX 1080 Ti (0x1cce730) duration: 0.733709
duration multTranspose ocl: 0.749554
GeForce GTX 1080 Ti
GeForce GTX 1080 Ti
GeForce GTX 1080 Ti
GeForce GTX 1080 Ti
GeForce GTX 1080 Ti
entering mult, device: GeForce GTX 1080 Ti (0x1cce730)
entering mult, device: GeForce GTX 1080 Ti (0x1ccdcf0)
entering mult, device: GeForce GTX 1080 Ti (0x1ccd4f0)
entering mult, device: GeForce GTX 1080 Ti (0x1cce4f0)
entering mult, device: GeForce GTX 1080 Ti (0x1cc5cb0)
device: GeForce GTX 1080 Ti (0x1cce730)  kernel from: 0 to: 74496 -> range: 74496 (with blocking: 74496)
device: GeForce GTX 1080 Ti (0x1cc5cb0)  kernel from: 148992 to: 223488 -> range: 74496 (with blocking: 74496)
device: GeForce GTX 1080 Ti (0x1ccd4f0)  kernel from: 223488 to: 297984 -> range: 74496 (with blocking: 74496)
device: GeForce GTX 1080 Ti (0x1ccdcf0)  kernel from: 297984 to: 371968 -> range: 73984 (with blocking: 73984)
device: GeForce GTX 1080 Ti (0x1cce4f0)  kernel from: 74496 to: 148992 -> range: 74496 (with blocking: 74496)
device: GeForce GTX 1080 Ti (0x1cc5cb0) duration: 0.0519975
device: GeForce GTX 1080 Ti (0x1ccdcf0) duration: 0.0527063
device: GeForce GTX 1080 Ti (0x1cce4f0) duration: 0.0539894
device: GeForce GTX 1080 Ti (0x1cce730) duration: 0.0585667
device: GeForce GTX 1080 Ti (0x1ccd4f0) duration: 0.062254
duration mult ocl: 0.0734573
entering multTranspose, device: GeForce GTX 1080 Ti (0x1ccdcf0)
entering multTranspose, device: GeForce GTX 1080 Ti (0x1cce4f0)
entering multTranspose, device: GeForce GTX 1080 Ti (0x1cc5cb0)
entering multTranspose, device: GeForce GTX 1080 Ti (0x1cce730)
entering multTranspose, device: GeForce GTX 1080 Ti (0x1ccd4f0)
device: GeForce GTX 1080 Ti (0x1cce4f0)  kernel from: 0 to: 51328 -> range: 51328 (with blocking: 51328)
device: GeForce GTX 1080 Ti (0x1cce4f0) duration: 0.708937
duration multTranspose ocl: 0.715191
GeForce GTX 1080 Ti
GeForce GTX 1080 Ti
GeForce GTX 1080 Ti
GeForce GTX 1080 Ti
GeForce GTX 1080 Ti
entering mult, device: GeForce GTX 1080 Ti (0x1cce4f0)
entering mult, device: GeForce GTX 1080 Ti (0x1cc5cb0)
entering mult, device: GeForce GTX 1080 Ti (0x1ccdcf0)
entering mult, device: GeForce GTX 1080 Ti (0x1ccd4f0)
entering mult, device: GeForce GTX 1080 Ti (0x1cce730)
device: GeForce GTX 1080 Ti (0x1cce4f0)  kernel from: 0 to: 74496 -> range: 74496 (with blocking: 74496)
device: GeForce GTX 1080 Ti (0x1cce730)  kernel from: 74496 to: 148992 -> range: 74496 (with blocking: 74496)
device: GeForce GTX 1080 Ti (0x1ccdcf0)  kernel from: 297984 to: 371968 -> range: 73984 (with blocking: 73984)
device: GeForce GTX 1080 Ti (0x1cc5cb0)  kernel from: 223488 to: 297984 -> range: 74496 (with blocking: 74496)
device: GeForce GTX 1080 Ti (0x1ccd4f0)  kernel from: 148992 to: 223488 -> range: 74496 (with blocking: 74496)
device: GeForce GTX 1080 Ti (0x1cc5cb0) duration: 0.0519997
device: GeForce GTX 1080 Ti (0x1cce4f0) duration: 0.0553687
device: GeForce GTX 1080 Ti (0x1cce730) duration: 0.0566712
device: GeForce GTX 1080 Ti (0x1ccdcf0) duration: 0.0624036
device: GeForce GTX 1080 Ti (0x1ccd4f0) duration: 0.0622459
duration mult ocl: 0.0683852
entering multTranspose, device: GeForce GTX 1080 Ti (0x1ccdcf0)
entering multTranspose, device: GeForce GTX 1080 Ti (0x1cce4f0)
entering multTranspose, device: GeForce GTX 1080 Ti (0x1ccd4f0)
entering multTranspose, device: GeForce GTX 1080 Ti (0x1cce730)
entering multTranspose, device: GeForce GTX 1080 Ti (0x1cc5cb0)
device: GeForce GTX 1080 Ti (0x1ccdcf0)  kernel from: 0 to: 51328 -> range: 51328 (with blocking: 51328)
device: GeForce GTX 1080 Ti (0x1ccdcf0) duration: 0.733695
duration multTranspose ocl: 0.74005
GeForce GTX 1080 Ti
GeForce GTX 1080 Ti
GeForce GTX 1080 Ti
GeForce GTX 1080 Ti
GeForce GTX 1080 Ti
entering mult, device: GeForce GTX 1080 Ti (0x1ccdcf0)
entering mult, device: GeForce GTX 1080 Ti (0x1cce4f0)
entering mult, device: GeForce GTX 1080 Ti (0x1cc5cb0)
entering mult, device: GeForce GTX 1080 Ti (0x1cce730)
entering mult, device: GeForce GTX 1080 Ti (0x1ccd4f0)
device: GeForce GTX 1080 Ti (0x1ccdcf0)  kernel from: 0 to: 74496 -> range: 74496 (with blocking: 74496)
device: GeForce GTX 1080 Ti (0x1cce4f0)  kernel from: 223488 to: 297984 -> range: 74496 (with blocking: 74496)
device: GeForce GTX 1080 Ti (0x1cce730)  kernel from: 297984 to: 371968 -> range: 73984 (with blocking: 73984)
device: GeForce GTX 1080 Ti (0x1cc5cb0)  kernel from: 74496 to: 148992 -> range: 74496 (with blocking: 74496)
device: GeForce GTX 1080 Ti (0x1ccd4f0)  kernel from: 148992 to: 223488 -> range: 74496 (with blocking: 74496)
device: GeForce GTX 1080 Ti (0x1cc5cb0) duration: 0.0519936
device: GeForce GTX 1080 Ti (0x1ccdcf0) duration: 0.0527124
device: GeForce GTX 1080 Ti (0x1cce4f0) duration: 0.0570522
device: GeForce GTX 1080 Ti (0x1cce730) duration: 0.0586076
device: GeForce GTX 1080 Ti (0x1ccd4f0) duration: 0.0622304
duration mult ocl: 0.0707445
entering multTranspose, device: GeForce GTX 1080 Ti (0x1ccdcf0)
entering multTranspose, device: GeForce GTX 1080 Ti (0x1cce730)
entering multTranspose, device: GeForce GTX 1080 Ti (0x1cce4f0)
entering multTranspose, device: GeForce GTX 1080 Ti (0x1cc5cb0)
entering multTranspose, device: GeForce GTX 1080 Ti (0x1ccd4f0)
device: GeForce GTX 1080 Ti (0x1ccdcf0)  kernel from: 0 to: 51328 -> range: 51328 (with blocking: 51328)
device: GeForce GTX 1080 Ti (0x1ccdcf0) duration: 0.713142
duration multTranspose ocl: 0.717557
GeForce GTX 1080 Ti
GeForce GTX 1080 Ti
GeForce GTX 1080 Ti
GeForce GTX 1080 Ti
GeForce GTX 1080 Ti
entering mult, device: GeForce GTX 1080 Ti (0x1ccdcf0)
entering mult, device: GeForce GTX 1080 Ti (0x1cc5cb0)
entering mult, device: GeForce GTX 1080 Ti (0x1cce4f0)
entering mult, device: GeForce GTX 1080 Ti (0x1ccd4f0)
entering mult, device: GeForce GTX 1080 Ti (0x1cce730)
device: GeForce GTX 1080 Ti (0x1cce730)  kernel from: 74496 to: 148992 -> range: 74496 (with blocking: 74496)
device: GeForce GTX 1080 Ti (0x1cce4f0)  kernel from: 148992 to: 223488 -> range: 74496 (with blocking: 74496)
device: GeForce GTX 1080 Ti (0x1ccdcf0)  kernel from: 0 to: 74496 -> range: 74496 (with blocking: 74496)
device: GeForce GTX 1080 Ti (0x1ccd4f0)  kernel from: 297984 to: 371968 -> range: 73984 (with blocking: 73984)
device: GeForce GTX 1080 Ti (0x1cc5cb0)  kernel from: 223488 to: 297984 -> range: 74496 (with blocking: 74496)
device: GeForce GTX 1080 Ti (0x1cc5cb0) duration: 0.0520141
device: GeForce GTX 1080 Ti (0x1ccdcf0) duration: 0.0526971
device: GeForce GTX 1080 Ti (0x1cce4f0) duration: 0.0553697
device: GeForce GTX 1080 Ti (0x1cce730) duration: 0.0566825
device: GeForce GTX 1080 Ti (0x1ccd4f0) duration: 0.0622336
duration mult ocl: 0.0713853
entering multTranspose, device: GeForce GTX 1080 Ti (0x1ccdcf0)
entering multTranspose, device: GeForce GTX 1080 Ti (0x1cc5cb0)
entering multTranspose, device: GeForce GTX 1080 Ti (0x1ccd4f0)
entering multTranspose, device: GeForce GTX 1080 Ti (0x1cce4f0)
entering multTranspose, device: GeForce GTX 1080 Ti (0x1cce730)
device: GeForce GTX 1080 Ti (0x1ccdcf0)  kernel from: 0 to: 51328 -> range: 51328 (with blocking: 51328)
device: GeForce GTX 1080 Ti (0x1ccdcf0) duration: 0.713406
duration multTranspose ocl: 0.717979
GeForce GTX 1080 Ti
GeForce GTX 1080 Ti
GeForce GTX 1080 Ti
GeForce GTX 1080 Ti
GeForce GTX 1080 Ti
entering mult, device: GeForce GTX 1080 Ti (0x1ccdcf0)
entering mult, device: GeForce GTX 1080 Ti (0x1cce4f0)
entering mult, device: GeForce GTX 1080 Ti (0x1cce730)
entering mult, device: GeForce GTX 1080 Ti (0x1ccd4f0)
entering mult, device: GeForce GTX 1080 Ti (0x1cc5cb0)
device: GeForce GTX 1080 Ti (0x1ccdcf0)  kernel from: 0 to: 74496 -> range: 74496 (with blocking: 74496)
device: GeForce GTX 1080 Ti (0x1cce730)  kernel from: 74496 to: 148992 -> range: 74496 (with blocking: 74496)
device: GeForce GTX 1080 Ti (0x1ccd4f0)  kernel from: 297984 to: 371968 -> range: 73984 (with blocking: 73984)
device: GeForce GTX 1080 Ti (0x1cce4f0)  kernel from: 223488 to: 297984 -> range: 74496 (with blocking: 74496)
device: GeForce GTX 1080 Ti (0x1cc5cb0)  kernel from: 148992 to: 223488 -> range: 74496 (with blocking: 74496)
device: GeForce GTX 1080 Ti (0x1ccdcf0) duration: 0.0527124
device: GeForce GTX 1080 Ti (0x1cc5cb0) duration: 0.0520069
device: GeForce GTX 1080 Ti (0x1cce730) duration: 0.0566866
device: GeForce GTX 1080 Ti (0x1cce4f0) duration: 0.0570481
device: GeForce GTX 1080 Ti (0x1ccd4f0) duration: 0.0622561
duration mult ocl: 0.0710358
entering multTranspose, device: GeForce GTX 1080 Ti (0x1ccd4f0)
entering multTranspose, device: GeForce GTX 1080 Ti (0x1ccdcf0)
entering multTranspose, device: GeForce GTX 1080 Ti (0x1cc5cb0)
entering multTranspose, device: GeForce GTX 1080 Ti (0x1cce730)
entering multTranspose, device: GeForce GTX 1080 Ti (0x1cce4f0)
device: GeForce GTX 1080 Ti (0x1cce730)  kernel from: 0 to: 51328 -> range: 51328 (with blocking: 51328)
device: GeForce GTX 1080 Ti (0x1cce730) duration: 0.707334
duration multTranspose ocl: 0.713023
GeForce GTX 1080 Ti
GeForce GTX 1080 Ti
GeForce GTX 1080 Ti
GeForce GTX 1080 Ti
GeForce GTX 1080 Ti
entering mult, device: GeForce GTX 1080 Ti (0x1cce730)
entering mult, device: GeForce GTX 1080 Ti (0x1cc5cb0)
entering mult, device: GeForce GTX 1080 Ti (0x1ccd4f0)
entering mult, device: GeForce GTX 1080 Ti (0x1cce4f0)
entering mult, device: GeForce GTX 1080 Ti (0x1ccdcf0)
device: GeForce GTX 1080 Ti (0x1cce730)  kernel from: 0 to: 74496 -> range: 74496 (with blocking: 74496)
device: GeForce GTX 1080 Ti (0x1ccdcf0)  kernel from: 148992 to: 223488 -> range: 74496 (with blocking: 74496)
device: GeForce GTX 1080 Ti (0x1cce4f0)  kernel from: 74496 to: 148992 -> range: 74496 (with blocking: 74496)
device: GeForce GTX 1080 Ti (0x1ccd4f0)  kernel from: 297984 to: 371968 -> range: 73984 (with blocking: 73984)
device: GeForce GTX 1080 Ti (0x1cc5cb0)  kernel from: 223488 to: 297984 -> range: 74496 (with blocking: 74496)
device: GeForce GTX 1080 Ti (0x1cc5cb0) duration: 0.0519987
device: GeForce GTX 1080 Ti (0x1ccdcf0) duration: 0.052693
device: GeForce GTX 1080 Ti (0x1cce730) duration: 0.0566374
device: GeForce GTX 1080 Ti (0x1cce4f0) duration: 0.0589875
device: GeForce GTX 1080 Ti (0x1ccd4f0) duration: 0.0622049
duration mult ocl: 0.0682236
entering multTranspose, device: GeForce GTX 1080 Ti (0x1cc5cb0)
entering multTranspose, device: GeForce GTX 1080 Ti (0x1ccdcf0)
entering multTranspose, device: GeForce GTX 1080 Ti (0x1ccd4f0)
entering multTranspose, device: GeForce GTX 1080 Ti (0x1cce4f0)
entering multTranspose, device: GeForce GTX 1080 Ti (0x1cce730)
device: GeForce GTX 1080 Ti (0x1ccdcf0)  kernel from: 0 to: 51328 -> range: 51328 (with blocking: 51328)
device: GeForce GTX 1080 Ti (0x1ccdcf0) duration: 0.712977
duration multTranspose ocl: 0.721014
GeForce GTX 1080 Ti
GeForce GTX 1080 Ti
GeForce GTX 1080 Ti
GeForce GTX 1080 Ti
GeForce GTX 1080 Ti
entering mult, device: GeForce GTX 1080 Ti (0x1ccdcf0)
entering mult, device: GeForce GTX 1080 Ti (0x1cc5cb0)
entering mult, device: GeForce GTX 1080 Ti (0x1ccd4f0)
entering mult, device: GeForce GTX 1080 Ti (0x1cce730)
entering mult, device: GeForce GTX 1080 Ti (0x1cce4f0)
device: GeForce GTX 1080 Ti (0x1ccdcf0)  kernel from: 0 to: 74496 -> range: 74496 (with blocking: 74496)
device: GeForce GTX 1080 Ti (0x1cc5cb0)  kernel from: 74496 to: 148992 -> range: 74496 (with blocking: 74496)
device: GeForce GTX 1080 Ti (0x1ccd4f0)  kernel from: 148992 to: 223488 -> range: 74496 (with blocking: 74496)
device: GeForce GTX 1080 Ti (0x1cce730)  kernel from: 223488 to: 297984 -> range: 74496 (with blocking: 74496)
device: GeForce GTX 1080 Ti (0x1cce4f0)  kernel from: 297984 to: 371968 -> range: 73984 (with blocking: 73984)
device: GeForce GTX 1080 Ti (0x1ccdcf0) duration: 0.0527176
device: GeForce GTX 1080 Ti (0x1cc5cb0) duration: 0.0520253
device: GeForce GTX 1080 Ti (0x1cce4f0) duration: 0.0553748
device: GeForce GTX 1080 Ti (0x1cce730) duration: 0.056703
device: GeForce GTX 1080 Ti (0x1ccd4f0) duration: 0.0622705
duration mult ocl: 0.0749946
entering multTranspose, device: GeForce GTX 1080 Ti (0x1ccdcf0)
entering multTranspose, device: GeForce GTX 1080 Ti (0x1cce4f0)
entering multTranspose, device: GeForce GTX 1080 Ti (0x1ccd4f0)
entering multTranspose, device: GeForce GTX 1080 Ti (0x1cce730)
entering multTranspose, device: GeForce GTX 1080 Ti (0x1cc5cb0)
device: GeForce GTX 1080 Ti (0x1cce4f0)  kernel from: 0 to: 51328 -> range: 51328 (with blocking: 51328)
device: GeForce GTX 1080 Ti (0x1cce4f0) duration: 0.710864
duration multTranspose ocl: 0.717032
GeForce GTX 1080 Ti
GeForce GTX 1080 Ti
GeForce GTX 1080 Ti
GeForce GTX 1080 Ti
GeForce GTX 1080 Ti
entering mult, device: GeForce GTX 1080 Ti (0x1cce4f0)
entering mult, device: GeForce GTX 1080 Ti (0x1ccd4f0)
entering mult, device: GeForce GTX 1080 Ti (0x1cc5cb0)
entering mult, device: GeForce GTX 1080 Ti (0x1cce730)
entering mult, device: GeForce GTX 1080 Ti (0x1ccdcf0)
device: GeForce GTX 1080 Ti (0x1cce4f0)  kernel from: 0 to: 74496 -> range: 74496 (with blocking: 74496)
device: GeForce GTX 1080 Ti (0x1cce730)  kernel from: 74496 to: 148992 -> range: 74496 (with blocking: 74496)
