./datadriven/examplesOCL/regression_cmd --trainingFileName ../../DissertationCodeGTX/datasets/DR5/DR5_nowarnings_less05_train.arff --testFileName ../../DissertationCodeGTX/datasets/DR5/DR5_nowarnings_less05_test.arff --learnerMode LEARNTEST --grid.level 10 --lambda 1E-5 --grid.type ModLinear --verbose true --additionalConfig results_diss/DR5_scaling_ocl_float_gtx1080ti_3.cfg --operation.type STREAMING --operation.subType OCLFASTMP --solverFinal.maxIterations 500 --solverFinal.eps 0 --isRegression true --adaptConfig.support_refinement_min_support 500 --adaptConfig.support_refinement_ocl_config results_diss/DR5_scaling_ocl_float_gtx1080ti_3.cfg --adaptConfig.use_support_refinement --do_dummy_ocl_init
OCL Info: 2 OpenCL platforms have been found
OCL Info: detected platform, name: "Intel(R) OpenCL"
OCL Info: detected platform vendor name: "Intel(R) Corporation"
OCL Info: platform not configured, skipping...
OCL Info: detected platform, name: "NVIDIA CUDA"
OCL Info: detected platform vendor name: "NVIDIA Corporation"
OCL Info: using platform, name: "NVIDIA CUDA"
OCL Info: platform device count: 8
OCL Info: detected device, name: "GeForce GTX 1080 Ti"
OCL Info: using device, name: "GeForce GTX 1080 Ti"
OCL Info: detected device, name: "GeForce GTX 1080 Ti"
OCL Info: using device, name: "GeForce GTX 1080 Ti"
OCL Info: detected device, name: "GeForce GTX 1080 Ti"
OCL Info: using device, name: "GeForce GTX 1080 Ti"
OCL Info: detected device, name: "GeForce GTX 1080 Ti"
OCL Info: detected device, name: "GeForce GTX 1080 Ti"
OCL Info: detected device, name: "GeForce GTX 1080 Ti"
OCL Info: detected device, name: "GeForce GTX 1080 Ti"
OCL Info: detected device, name: "GeForce GTX 1080 Ti"
ocl dummy initalization duration: 7.30748
instances: 371908
support_refinement_min_support:500
OCL Info: 2 OpenCL platforms have been found
OCL Info: detected platform, name: "Intel(R) OpenCL"
OCL Info: detected platform vendor name: "Intel(R) Corporation"
OCL Info: platform not configured, skipping...
OCL Info: detected platform, name: "NVIDIA CUDA"
OCL Info: detected platform vendor name: "NVIDIA Corporation"
OCL Info: using platform, name: "NVIDIA CUDA"
OCL Info: platform device count: 8
OCL Info: detected device, name: "GeForce GTX 1080 Ti"
OCL Info: using device, name: "GeForce GTX 1080 Ti"
OCL Info: detected device, name: "GeForce GTX 1080 Ti"
OCL Info: using device, name: "GeForce GTX 1080 Ti"
OCL Info: detected device, name: "GeForce GTX 1080 Ti"
OCL Info: using device, name: "GeForce GTX 1080 Ti"
OCL Info: detected device, name: "GeForce GTX 1080 Ti"
OCL Info: detected device, name: "GeForce GTX 1080 Ti"
OCL Info: detected device, name: "GeForce GTX 1080 Ti"
OCL Info: detected device, name: "GeForce GTX 1080 Ti"
OCL Info: detected device, name: "GeForce GTX 1080 Ti"
ocl_init_duration: 0.913336
warning: support refinement: more than one device configured, using first device only!
building kernel: verify_support
building with optimization flags: 
--- Begin Build Log ---


--- End Build Log ---
num_candidates: 1
num_candidates: 1 num_candidates_padded: 256 grid_size: 256 block_size: 256
duration (s): 0.311215
candidates with support: 1
num_candidates: 10
num_candidates: 10 num_candidates_padded: 256 grid_size: 256 block_size: 256
duration (s): 0.271908
candidates with support: 10
num_candidates: 60
num_candidates: 60 num_candidates_padded: 256 grid_size: 256 block_size: 256
duration (s): 0.274945
candidates with support: 52
num_candidates: 236
num_candidates: 236 num_candidates_padded: 256 grid_size: 256 block_size: 256
duration (s): 0.276923
candidates with support: 181
num_candidates: 706
num_candidates: 706 num_candidates_padded: 768 grid_size: 768 block_size: 256
duration (s): 0.277927
candidates with support: 503
num_candidates: 1786
num_candidates: 1786 num_candidates_padded: 1792 grid_size: 1792 block_size: 256
duration (s): 0.27925
candidates with support: 1241
num_candidates: 4140
num_candidates: 4140 num_candidates_padded: 4352 grid_size: 4352 block_size: 256
duration (s): 0.279507
candidates with support: 2886
num_candidates: 9216
num_candidates: 9216 num_candidates_padded: 9216 grid_size: 9216 block_size: 256
duration (s): 0.315326
candidates with support: 6397
num_candidates: 19682
num_candidates: 19682 num_candidates_padded: 19712 grid_size: 19712 block_size: 256
duration (s): 0.40841
candidates with support: 13464
num_candidates: 40066
num_candidates: 40066 num_candidates_padded: 40192 grid_size: 40192 block_size: 256
duration (s): 0.78389
candidates with support: 26558
datadriven refinement done, grid size: 51293
creating createOperationMultipleEval type: DEFAULT, using base operator factory
creating createOperationMultipleEval grid: ModLinear type: STREAMING subType: OCLFASTMP
OCL Info: 2 OpenCL platforms have been found
OCL Info: detected platform, name: "Intel(R) OpenCL"
OCL Info: detected platform vendor name: "Intel(R) Corporation"
OCL Info: detected platform, name: "NVIDIA CUDA"
OCL Info: detected platform vendor name: "NVIDIA Corporation"
OCL Info: using platform, name: "NVIDIA CUDA"
OCL Info: detected device, name: "GeForce GTX 1080 Ti"
OCL Info: using device, name: "GeForce GTX 1080 Ti"
OCL Info: detected device, name: "GeForce GTX 1080 Ti"
OCL Info: using device, name: "GeForce GTX 1080 Ti"
OCL Info: detected device, name: "GeForce GTX 1080 Ti"
OCL Info: using device, name: "GeForce GTX 1080 Ti"
OCL Info: detected device, name: "GeForce GTX 1080 Ti"
OCL Info: detected device, name: "GeForce GTX 1080 Ti"
OCL Info: detected device, name: "GeForce GTX 1080 Ti"
OCL Info: detected device, name: "GeForce GTX 1080 Ti"
OCL Info: detected device, name: "GeForce GTX 1080 Ti"
Starting Learning....

Doing refinement: 0
Grid Size: 51293
entering multTranspose, device: GeForce GTX 1080 Ti (0x1c23cb0)
entering multTranspose, device: GeForce GTX 1080 Ti (0x1c2bcf0)
entering multTranspose, device: GeForce GTX 1080 Ti (0x1c2b4f0)
building with optimization flags: 
building with optimization flags: 
building with optimization flags: 
--- Begin Build Log ---


--- End Build Log ---
--- Begin Build Log ---


--- End Build Log ---
--- Begin Build Log ---


--- End Build Log ---
device: GeForce GTX 1080 Ti (0x1c2bcf0)  kernel from: 0 to: 51328 -> range: 51328 (with blocking: 51328)
device: GeForce GTX 1080 Ti (0x1c2bcf0) duration: 0.757499
duration multTranspose ocl: 0.839339
GeForce GTX 1080 Ti
GeForce GTX 1080 Ti
GeForce GTX 1080 Ti
entering mult, device: GeForce GTX 1080 Ti (0x1c2bcf0)
entering mult, device: GeForce GTX 1080 Ti (0x1c23cb0)
entering mult, device: GeForce GTX 1080 Ti (0x1c2b4f0)
building with optimization flags: 
building with optimization flags: 
building with optimization flags: 
--- Begin Build Log ---


--- End Build Log ---
--- Begin Build Log ---


--- End Build Log ---
--- Begin Build Log ---


--- End Build Log ---
device: GeForce GTX 1080 Ti (0x1c23cb0)  kernel from: 0 to: 124032 -> range: 124032 (with blocking: 124032)
device: GeForce GTX 1080 Ti (0x1c2b4f0)  kernel from: 124032 to: 248064 -> range: 124032 (with blocking: 124032)
device: GeForce GTX 1080 Ti (0x1c2bcf0)  kernel from: 248064 to: 371968 -> range: 123904 (with blocking: 123904)
device: GeForce GTX 1080 Ti (0x1c23cb0) duration: 0.0864155
device: GeForce GTX 1080 Ti (0x1c2bcf0) duration: 0.0868936
device: GeForce GTX 1080 Ti (0x1c2b4f0) duration: 0.109798
duration mult ocl: 0.176304
entering multTranspose, device: GeForce GTX 1080 Ti (0x1c2b4f0)
entering multTranspose, device: GeForce GTX 1080 Ti (0x1c2bcf0)
entering multTranspose, device: GeForce GTX 1080 Ti (0x1c23cb0)
device: GeForce GTX 1080 Ti (0x1c2bcf0)  kernel from: 0 to: 51328 -> range: 51328 (with blocking: 51328)
device: GeForce GTX 1080 Ti (0x1c2bcf0) duration: 0.712346
duration multTranspose ocl: 0.717855
GeForce GTX 1080 Ti
GeForce GTX 1080 Ti
GeForce GTX 1080 Ti
entering mult, device: GeForce GTX 1080 Ti (0x1c2bcf0)
entering mult, device: GeForce GTX 1080 Ti (0x1c23cb0)
entering mult, device: GeForce GTX 1080 Ti (0x1c2b4f0)
device: GeForce GTX 1080 Ti (0x1c2bcf0)  kernel from: 0 to: 124032 -> range: 124032 (with blocking: 124032)
device: GeForce GTX 1080 Ti (0x1c2b4f0)  kernel from: 124032 to: 248064 -> range: 124032 (with blocking: 124032)
device: GeForce GTX 1080 Ti (0x1c23cb0)  kernel from: 248064 to: 371968 -> range: 123904 (with blocking: 123904)
device: GeForce GTX 1080 Ti (0x1c23cb0) duration: 0.0860396
device: GeForce GTX 1080 Ti (0x1c2bcf0) duration: 0.0868772
device: GeForce GTX 1080 Ti (0x1c2b4f0) duration: 0.100643
duration mult ocl: 0.10708
entering multTranspose, device: GeForce GTX 1080 Ti (0x1c2bcf0)
entering multTranspose, device: GeForce GTX 1080 Ti (0x1c2b4f0)
entering multTranspose, device: GeForce GTX 1080 Ti (0x1c23cb0)
device: GeForce GTX 1080 Ti (0x1c2b4f0)  kernel from: 0 to: 51328 -> range: 51328 (with blocking: 51328)
device: GeForce GTX 1080 Ti (0x1c2b4f0) duration: 0.720306
duration multTranspose ocl: 0.733839
GeForce GTX 1080 Ti
GeForce GTX 1080 Ti
GeForce GTX 1080 Ti
entering mult, device: GeForce GTX 1080 Ti (0x1c2bcf0)
entering mult, device: GeForce GTX 1080 Ti (0x1c2b4f0)
entering mult, device: GeForce GTX 1080 Ti (0x1c23cb0)
device: GeForce GTX 1080 Ti (0x1c2bcf0)  kernel from: 0 to: 124032 -> range: 124032 (with blocking: 124032)
device: GeForce GTX 1080 Ti (0x1c23cb0)  kernel from: 248064 to: 371968 -> range: 123904 (with blocking: 123904)
device: GeForce GTX 1080 Ti (0x1c2b4f0)  kernel from: 124032 to: 248064 -> range: 124032 (with blocking: 124032)
device: GeForce GTX 1080 Ti (0x1c2b4f0) duration: 0.0870042
device: GeForce GTX 1080 Ti (0x1c23cb0) duration: 0.0860058
device: GeForce GTX 1080 Ti (0x1c2bcf0) duration: 0.0872458
duration mult ocl: 0.0935292
entering multTranspose, device: GeForce GTX 1080 Ti (0x1c2bcf0)
entering multTranspose, device: GeForce GTX 1080 Ti (0x1c2b4f0)
entering multTranspose, device: GeForce GTX 1080 Ti (0x1c23cb0)
device: GeForce GTX 1080 Ti (0x1c2bcf0)  kernel from: 0 to: 51328 -> range: 51328 (with blocking: 51328)
device: GeForce GTX 1080 Ti (0x1c2bcf0) duration: 0.713833
duration multTranspose ocl: 0.718222
GeForce GTX 1080 Ti
GeForce GTX 1080 Ti
GeForce GTX 1080 Ti
entering mult, device: GeForce GTX 1080 Ti (0x1c2bcf0)
entering mult, device: GeForce GTX 1080 Ti (0x1c2b4f0)
entering mult, device: GeForce GTX 1080 Ti (0x1c23cb0)
device: GeForce GTX 1080 Ti (0x1c23cb0)  kernel from: 0 to: 124032 -> range: 124032 (with blocking: 124032)
device: GeForce GTX 1080 Ti (0x1c2b4f0)  kernel from: 248064 to: 371968 -> range: 123904 (with blocking: 123904)
device: GeForce GTX 1080 Ti (0x1c2bcf0)  kernel from: 124032 to: 248064 -> range: 124032 (with blocking: 124032)
device: GeForce GTX 1080 Ti (0x1c23cb0) duration: 0.0856637
device: GeForce GTX 1080 Ti (0x1c2bcf0) duration: 0.0872663
device: GeForce GTX 1080 Ti (0x1c2b4f0) duration: 0.0873656
duration mult ocl: 0.101012
entering multTranspose, device: GeForce GTX 1080 Ti (0x1c2bcf0)
entering multTranspose, device: GeForce GTX 1080 Ti (0x1c2b4f0)
entering multTranspose, device: GeForce GTX 1080 Ti (0x1c23cb0)
device: GeForce GTX 1080 Ti (0x1c2bcf0)  kernel from: 0 to: 51328 -> range: 51328 (with blocking: 51328)
device: GeForce GTX 1080 Ti (0x1c2bcf0) duration: 0.713944
duration multTranspose ocl: 0.719876
GeForce GTX 1080 Ti
GeForce GTX 1080 Ti
GeForce GTX 1080 Ti
entering mult, device: GeForce GTX 1080 Ti (0x1c2bcf0)
entering mult, device: GeForce GTX 1080 Ti (0x1c23cb0)
entering mult, device: GeForce GTX 1080 Ti (0x1c2b4f0)
device: GeForce GTX 1080 Ti (0x1c23cb0)  kernel from: 0 to: 124032 -> range: 124032 (with blocking: 124032)
device: GeForce GTX 1080 Ti (0x1c2b4f0)  kernel from: 248064 to: 371968 -> range: 123904 (with blocking: 123904)
device: GeForce GTX 1080 Ti (0x1c2bcf0)  kernel from: 124032 to: 248064 -> range: 124032 (with blocking: 124032)
device: GeForce GTX 1080 Ti (0x1c2bcf0) duration: 0.0868977
device: GeForce GTX 1080 Ti (0x1c2b4f0) duration: 0.0869212
device: GeForce GTX 1080 Ti (0x1c23cb0) duration: 0.0871322
duration mult ocl: 0.0935156
entering multTranspose, device: GeForce GTX 1080 Ti (0x1c2bcf0)
entering multTranspose, device: GeForce GTX 1080 Ti (0x1c2b4f0)
entering multTranspose, device: GeForce GTX 1080 Ti (0x1c23cb0)
device: GeForce GTX 1080 Ti (0x1c2bcf0)  kernel from: 0 to: 51328 -> range: 51328 (with blocking: 51328)
device: GeForce GTX 1080 Ti (0x1c2bcf0) duration: 0.713046
duration multTranspose ocl: 0.71908
GeForce GTX 1080 Ti
GeForce GTX 1080 Ti
GeForce GTX 1080 Ti
entering mult, device: GeForce GTX 1080 Ti (0x1c2bcf0)
entering mult, device: GeForce GTX 1080 Ti (0x1c23cb0)
entering mult, device: GeForce GTX 1080 Ti (0x1c2b4f0)
device: GeForce GTX 1080 Ti (0x1c2b4f0)  kernel from: 124032 to: 248064 -> range: 124032 (with blocking: 124032)
device: GeForce GTX 1080 Ti (0x1c2bcf0)  kernel from: 248064 to: 371968 -> range: 123904 (with blocking: 123904)
device: GeForce GTX 1080 Ti (0x1c23cb0)  kernel from: 0 to: 124032 -> range: 124032 (with blocking: 124032)
device: GeForce GTX 1080 Ti (0x1c23cb0) duration: 0.0856934
device: GeForce GTX 1080 Ti (0x1c2bcf0) duration: 0.0868936
device: GeForce GTX 1080 Ti (0x1c2b4f0) duration: 0.0870358
duration mult ocl: 0.09383
entering multTranspose, device: GeForce GTX 1080 Ti (0x1c2bcf0)
entering multTranspose, device: GeForce GTX 1080 Ti (0x1c2b4f0)
entering multTranspose, device: GeForce GTX 1080 Ti (0x1c23cb0)
device: GeForce GTX 1080 Ti (0x1c2bcf0)  kernel from: 0 to: 51328 -> range: 51328 (with blocking: 51328)
device: GeForce GTX 1080 Ti (0x1c2bcf0) duration: 0.714025
duration multTranspose ocl: 0.720481
GeForce GTX 1080 Ti
GeForce GTX 1080 Ti
GeForce GTX 1080 Ti
entering mult, device: GeForce GTX 1080 Ti (0x1c2bcf0)
entering mult, device: GeForce GTX 1080 Ti (0x1c23cb0)
entering mult, device: GeForce GTX 1080 Ti (0x1c2b4f0)
device: GeForce GTX 1080 Ti (0x1c2b4f0)  kernel from: 124032 to: 248064 -> range: 124032 (with blocking: 124032)
device: GeForce GTX 1080 Ti (0x1c2bcf0)  kernel from: 0 to: 124032 -> range: 124032 (with blocking: 124032)
device: GeForce GTX 1080 Ti (0x1c23cb0)  kernel from: 248064 to: 371968 -> range: 123904 (with blocking: 123904)
device: GeForce GTX 1080 Ti (0x1c2b4f0) duration: 0.087081
device: GeForce GTX 1080 Ti (0x1c23cb0) duration: 0.0860508
device: GeForce GTX 1080 Ti (0x1c2bcf0) duration: 0.0878316
duration mult ocl: 0.0966741
entering multTranspose, device: GeForce GTX 1080 Ti (0x1c2bcf0)
entering multTranspose, device: GeForce GTX 1080 Ti (0x1c23cb0)
entering multTranspose, device: GeForce GTX 1080 Ti (0x1c2b4f0)
device: GeForce GTX 1080 Ti (0x1c2bcf0)  kernel from: 0 to: 51328 -> range: 51328 (with blocking: 51328)
device: GeForce GTX 1080 Ti (0x1c2bcf0) duration: 0.716374
duration multTranspose ocl: 0.721116
GeForce GTX 1080 Ti
GeForce GTX 1080 Ti
GeForce GTX 1080 Ti
entering mult, device: GeForce GTX 1080 Ti (0x1c2bcf0)
entering mult, device: GeForce GTX 1080 Ti (0x1c2b4f0)
entering mult, device: GeForce GTX 1080 Ti (0x1c23cb0)
device: GeForce GTX 1080 Ti (0x1c2bcf0)  kernel from: 0 to: 124032 -> range: 124032 (with blocking: 124032)
device: GeForce GTX 1080 Ti (0x1c23cb0)  kernel from: 248064 to: 371968 -> range: 123904 (with blocking: 123904)
device: GeForce GTX 1080 Ti (0x1c2b4f0)  kernel from: 124032 to: 248064 -> range: 124032 (with blocking: 124032)
device: GeForce GTX 1080 Ti (0x1c23cb0) duration: 0.0860169
device: GeForce GTX 1080 Ti (0x1c2bcf0) duration: 0.0878388
device: GeForce GTX 1080 Ti (0x1c2b4f0) duration: 0.0870615
duration mult ocl: 0.0930724
entering multTranspose, device: GeForce GTX 1080 Ti (0x1c2bcf0)
entering multTranspose, device: GeForce GTX 1080 Ti (0x1c23cb0)
entering multTranspose, device: GeForce GTX 1080 Ti (0x1c2b4f0)
device: GeForce GTX 1080 Ti (0x1c2bcf0)  kernel from: 0 to: 51328 -> range: 51328 (with blocking: 51328)
device: GeForce GTX 1080 Ti (0x1c2bcf0) duration: 0.717783
duration multTranspose ocl: 0.722098
GeForce GTX 1080 Ti
GeForce GTX 1080 Ti
GeForce GTX 1080 Ti
entering mult, device: GeForce GTX 1080 Ti (0x1c2bcf0)
entering mult, device: GeForce GTX 1080 Ti (0x1c2b4f0)
entering mult, device: GeForce GTX 1080 Ti (0x1c23cb0)
device: GeForce GTX 1080 Ti (0x1c2bcf0)  kernel from: 0 to: 124032 -> range: 124032 (with blocking: 124032)
device: GeForce GTX 1080 Ti (0x1c23cb0)  kernel from: 248064 to: 371968 -> range: 123904 (with blocking: 123904)
device: GeForce GTX 1080 Ti (0x1c2b4f0)  kernel from: 124032 to: 248064 -> range: 124032 (with blocking: 124032)
device: GeForce GTX 1080 Ti (0x1c23cb0) duration: 0.0856679
device: GeForce GTX 1080 Ti (0x1c2bcf0) duration: 0.0874803
device: GeForce GTX 1080 Ti (0x1c2b4f0) duration: 0.0874281
duration mult ocl: 0.0934504
entering multTranspose, device: GeForce GTX 1080 Ti (0x1c2bcf0)
entering multTranspose, device: GeForce GTX 1080 Ti (0x1c2b4f0)
entering multTranspose, device: GeForce GTX 1080 Ti (0x1c23cb0)
device: GeForce GTX 1080 Ti (0x1c2bcf0)  kernel from: 0 to: 51328 -> range: 51328 (with blocking: 51328)
device: GeForce GTX 1080 Ti (0x1c2bcf0) duration: 0.71586
duration multTranspose ocl: 0.720223
GeForce GTX 1080 Ti
GeForce GTX 1080 Ti
GeForce GTX 1080 Ti
entering mult, device: GeForce GTX 1080 Ti (0x1c2bcf0)
entering mult, device: GeForce GTX 1080 Ti (0x1c23cb0)
entering mult, device: GeForce GTX 1080 Ti (0x1c2b4f0)
device: GeForce GTX 1080 Ti (0x1c2bcf0)  kernel from: 0 to: 124032 -> range: 124032 (with blocking: 124032)
device: GeForce GTX 1080 Ti (0x1c23cb0)  kernel from: 124032 to: 248064 -> range: 124032 (with blocking: 124032)
device: GeForce GTX 1080 Ti (0x1c2b4f0)  kernel from: 248064 to: 371968 -> range: 123904 (with blocking: 123904)
device: GeForce GTX 1080 Ti (0x1c23cb0) duration: 0.0864369
device: GeForce GTX 1080 Ti (0x1c2bcf0) duration: 0.0878408
device: GeForce GTX 1080 Ti (0x1c2b4f0) duration: 0.0873892
duration mult ocl: 0.0958533
entering multTranspose, device: GeForce GTX 1080 Ti (0x1c2b4f0)
entering multTranspose, device: GeForce GTX 1080 Ti (0x1c2bcf0)
entering multTranspose, device: GeForce GTX 1080 Ti (0x1c23cb0)
device: GeForce GTX 1080 Ti (0x1c2bcf0)  kernel from: 0 to: 51328 -> range: 51328 (with blocking: 51328)
device: GeForce GTX 1080 Ti (0x1c2bcf0) duration: 0.716297
duration multTranspose ocl: 0.720662
GeForce GTX 1080 Ti
GeForce GTX 1080 Ti
GeForce GTX 1080 Ti
entering mult, device: GeForce GTX 1080 Ti (0x1c2bcf0)
entering mult, device: GeForce GTX 1080 Ti (0x1c2b4f0)
entering mult, device: GeForce GTX 1080 Ti (0x1c23cb0)
device: GeForce GTX 1080 Ti (0x1c2b4f0)  kernel from: 0 to: 124032 -> range: 124032 (with blocking: 124032)
device: GeForce GTX 1080 Ti (0x1c2bcf0)  kernel from: 124032 to: 248064 -> range: 124032 (with blocking: 124032)
device: GeForce GTX 1080 Ti (0x1c23cb0)  kernel from: 248064 to: 371968 -> range: 123904 (with blocking: 123904)
device: GeForce GTX 1080 Ti (0x1c23cb0) duration: 0.0860191
device: GeForce GTX 1080 Ti (0x1c2bcf0) duration: 0.0879033
device: GeForce GTX 1080 Ti (0x1c2b4f0) duration: 0.0881377
duration mult ocl: 0.0948338
entering multTranspose, device: GeForce GTX 1080 Ti (0x1c2bcf0)
entering multTranspose, device: GeForce GTX 1080 Ti (0x1c2b4f0)
entering multTranspose, device: GeForce GTX 1080 Ti (0x1c23cb0)
device: GeForce GTX 1080 Ti (0x1c2bcf0)  kernel from: 0 to: 51328 -> range: 51328 (with blocking: 51328)
device: GeForce GTX 1080 Ti (0x1c2bcf0) duration: 0.71661
duration multTranspose ocl: 0.722717
GeForce GTX 1080 Ti
GeForce GTX 1080 Ti
GeForce GTX 1080 Ti
entering mult, device: GeForce GTX 1080 Ti (0x1c2bcf0)
entering mult, device: GeForce GTX 1080 Ti (0x1c2b4f0)
entering mult, device: GeForce GTX 1080 Ti (0x1c23cb0)
device: GeForce GTX 1080 Ti (0x1c23cb0)  kernel from: 0 to: 124032 -> range: 124032 (with blocking: 124032)
device: GeForce GTX 1080 Ti (0x1c2bcf0)  kernel from: 124032 to: 248064 -> range: 124032 (with blocking: 124032)
device: GeForce GTX 1080 Ti (0x1c2b4f0)  kernel from: 248064 to: 371968 -> range: 123904 (with blocking: 123904)
device: GeForce GTX 1080 Ti (0x1c2bcf0) duration: 0.0878961
device: GeForce GTX 1080 Ti (0x1c23cb0) duration: 0.0860467
device: GeForce GTX 1080 Ti (0x1c2b4f0) duration: 0.0870513
duration mult ocl: 0.112247
entering multTranspose, device: GeForce GTX 1080 Ti (0x1c23cb0)
entering multTranspose, device: GeForce GTX 1080 Ti (0x1c2b4f0)
entering multTranspose, device: GeForce GTX 1080 Ti (0x1c2bcf0)
device: GeForce GTX 1080 Ti (0x1c23cb0)  kernel from: 0 to: 51328 -> range: 51328 (with blocking: 51328)
device: GeForce GTX 1080 Ti (0x1c23cb0) duration: 0.708197
duration multTranspose ocl: 0.721463
GeForce GTX 1080 Ti
GeForce GTX 1080 Ti
GeForce GTX 1080 Ti
entering mult, device: GeForce GTX 1080 Ti (0x1c2bcf0)
entering mult, device: GeForce GTX 1080 Ti (0x1c23cb0)
entering mult, device: GeForce GTX 1080 Ti (0x1c2b4f0)
device: GeForce GTX 1080 Ti (0x1c2bcf0)  kernel from: 0 to: 124032 -> range: 124032 (with blocking: 124032)
device: GeForce GTX 1080 Ti (0x1c2b4f0)  kernel from: 248064 to: 371968 -> range: 123904 (with blocking: 123904)
device: GeForce GTX 1080 Ti (0x1c23cb0)  kernel from: 124032 to: 248064 -> range: 124032 (with blocking: 124032)
device: GeForce GTX 1080 Ti (0x1c23cb0) duration: 0.0860078
device: GeForce GTX 1080 Ti (0x1c2b4f0) duration: 0.0870328
device: GeForce GTX 1080 Ti (0x1c2bcf0) duration: 0.0878733
duration mult ocl: 0.0939672
entering multTranspose, device: GeForce GTX 1080 Ti (0x1c2b4f0)
entering multTranspose, device: GeForce GTX 1080 Ti (0x1c23cb0)
entering multTranspose, device: GeForce GTX 1080 Ti (0x1c2bcf0)
device: GeForce GTX 1080 Ti (0x1c23cb0)  kernel from: 0 to: 51328 -> range: 51328 (with blocking: 51328)
device: GeForce GTX 1080 Ti (0x1c23cb0) duration: 0.707801
duration multTranspose ocl: 0.71353
GeForce GTX 1080 Ti
GeForce GTX 1080 Ti
GeForce GTX 1080 Ti
entering mult, device: GeForce GTX 1080 Ti (0x1c23cb0)
entering mult, device: GeForce GTX 1080 Ti (0x1c2bcf0)
entering mult, device: GeForce GTX 1080 Ti (0x1c2b4f0)
device: GeForce GTX 1080 Ti (0x1c2b4f0)  kernel from: 124032 to: 248064 -> range: 124032 (with blocking: 124032)
device: GeForce GTX 1080 Ti (0x1c23cb0)  kernel from: 248064 to: 371968 -> range: 123904 (with blocking: 123904)
device: GeForce GTX 1080 Ti (0x1c2bcf0)  kernel from: 0 to: 124032 -> range: 124032 (with blocking: 124032)
device: GeForce GTX 1080 Ti (0x1c23cb0) duration: 0.086016
device: GeForce GTX 1080 Ti (0x1c2b4f0) duration: 0.0870236
device: GeForce GTX 1080 Ti (0x1c2bcf0) duration: 0.0878591
duration mult ocl: 0.0937781
entering multTranspose, device: GeForce GTX 1080 Ti (0x1c2bcf0)
entering multTranspose, device: GeForce GTX 1080 Ti (0x1c2b4f0)
entering multTranspose, device: GeForce GTX 1080 Ti (0x1c23cb0)
device: GeForce GTX 1080 Ti (0x1c2bcf0)  kernel from: 0 to: 51328 -> range: 51328 (with blocking: 51328)
device: GeForce GTX 1080 Ti (0x1c2bcf0) duration: 0.716582
duration multTranspose ocl: 0.723719
GeForce GTX 1080 Ti
GeForce GTX 1080 Ti
GeForce GTX 1080 Ti
entering mult, device: GeForce GTX 1080 Ti (0x1c2bcf0)
entering mult, device: GeForce GTX 1080 Ti (0x1c23cb0)
entering mult, device: GeForce GTX 1080 Ti (0x1c2b4f0)
device: GeForce GTX 1080 Ti (0x1c2b4f0)  kernel from: 124032 to: 248064 -> range: 124032 (with blocking: 124032)
device: GeForce GTX 1080 Ti (0x1c2bcf0)  kernel from: 0 to: 124032 -> range: 124032 (with blocking: 124032)
device: GeForce GTX 1080 Ti (0x1c23cb0)  kernel from: 248064 to: 371968 -> range: 123904 (with blocking: 123904)
device: GeForce GTX 1080 Ti (0x1c23cb0) duration: 0.0860232
device: GeForce GTX 1080 Ti (0x1c2bcf0) duration: 0.0878152
device: GeForce GTX 1080 Ti (0x1c2b4f0) duration: 0.0869958
duration mult ocl: 0.0987487
entering multTranspose, device: GeForce GTX 1080 Ti (0x1c2bcf0)
entering multTranspose, device: GeForce GTX 1080 Ti (0x1c2b4f0)
entering multTranspose, device: GeForce GTX 1080 Ti (0x1c23cb0)
device: GeForce GTX 1080 Ti (0x1c2b4f0)  kernel from: 0 to: 51328 -> range: 51328 (with blocking: 51328)
device: GeForce GTX 1080 Ti (0x1c2b4f0) duration: 0.712862
duration multTranspose ocl: 0.720363
GeForce GTX 1080 Ti
GeForce GTX 1080 Ti
GeForce GTX 1080 Ti
entering mult, device: GeForce GTX 1080 Ti (0x1c2b4f0)
entering mult, device: GeForce GTX 1080 Ti (0x1c2bcf0)
entering mult, device: GeForce GTX 1080 Ti (0x1c23cb0)
device: GeForce GTX 1080 Ti (0x1c2bcf0)  kernel from: 0 to: 124032 -> range: 124032 (with blocking: 124032)
device: GeForce GTX 1080 Ti (0x1c2b4f0)  kernel from: 124032 to: 248064 -> range: 124032 (with blocking: 124032)
device: GeForce GTX 1080 Ti (0x1c23cb0)  kernel from: 248064 to: 371968 -> range: 123904 (with blocking: 123904)
device: GeForce GTX 1080 Ti (0x1c23cb0) duration: 0.0859965
device: GeForce GTX 1080 Ti (0x1c2b4f0) duration: 0.0874301
device: GeForce GTX 1080 Ti (0x1c2bcf0) duration: 0.0878408
duration mult ocl: 0.0938669
entering multTranspose, device: GeForce GTX 1080 Ti (0x1c2bcf0)
entering multTranspose, device: GeForce GTX 1080 Ti (0x1c2b4f0)
entering multTranspose, device: GeForce GTX 1080 Ti (0x1c23cb0)
device: GeForce GTX 1080 Ti (0x1c2b4f0)  kernel from: 0 to: 51328 -> range: 51328 (with blocking: 51328)
device: GeForce GTX 1080 Ti (0x1c2b4f0) duration: 0.712686
duration multTranspose ocl: 0.718318
GeForce GTX 1080 Ti
GeForce GTX 1080 Ti
GeForce GTX 1080 Ti
entering mult, device: GeForce GTX 1080 Ti (0x1c2b4f0)
entering mult, device: GeForce GTX 1080 Ti (0x1c2bcf0)
entering mult, device: GeForce GTX 1080 Ti (0x1c23cb0)
device: GeForce GTX 1080 Ti (0x1c23cb0)  kernel from: 124032 to: 248064 -> range: 124032 (with blocking: 124032)
device: GeForce GTX 1080 Ti (0x1c2bcf0)  kernel from: 0 to: 124032 -> range: 124032 (with blocking: 124032)
device: GeForce GTX 1080 Ti (0x1c2b4f0)  kernel from: 248064 to: 371968 -> range: 123904 (with blocking: 123904)
device: GeForce GTX 1080 Ti (0x1c23cb0) duration: 0.0860252
device: GeForce GTX 1080 Ti (0x1c2b4f0) duration: 0.0871128
device: GeForce GTX 1080 Ti (0x1c2bcf0) duration: 0.087511
duration mult ocl: 0.0994979
entering multTranspose, device: GeForce GTX 1080 Ti (0x1c2bcf0)
entering multTranspose, device: GeForce GTX 1080 Ti (0x1c2b4f0)
entering multTranspose, device: GeForce GTX 1080 Ti (0x1c23cb0)
device: GeForce GTX 1080 Ti (0x1c2b4f0)  kernel from: 0 to: 51328 -> range: 51328 (with blocking: 51328)
device: GeForce GTX 1080 Ti (0x1c2b4f0) duration: 0.712477
duration multTranspose ocl: 0.719783
GeForce GTX 1080 Ti
GeForce GTX 1080 Ti
GeForce GTX 1080 Ti
entering mult, device: GeForce GTX 1080 Ti (0x1c2b4f0)
entering mult, device: GeForce GTX 1080 Ti (0x1c2bcf0)
entering mult, device: GeForce GTX 1080 Ti (0x1c23cb0)
device: GeForce GTX 1080 Ti (0x1c2b4f0)  kernel from: 0 to: 124032 -> range: 124032 (with blocking: 124032)
device: GeForce GTX 1080 Ti (0x1c2bcf0)  kernel from: 124032 to: 248064 -> range: 124032 (with blocking: 124032)
device: GeForce GTX 1080 Ti (0x1c23cb0)  kernel from: 248064 to: 371968 -> range: 123904 (with blocking: 123904)
device: GeForce GTX 1080 Ti (0x1c23cb0) duration: 0.0860037
device: GeForce GTX 1080 Ti (0x1c2b4f0) duration: 0.0871014
device: GeForce GTX 1080 Ti (0x1c2bcf0) duration: 0.0882647
duration mult ocl: 0.0939164
entering multTranspose, device: GeForce GTX 1080 Ti (0x1c2bcf0)
entering multTranspose, device: GeForce GTX 1080 Ti (0x1c23cb0)
entering multTranspose, device: GeForce GTX 1080 Ti (0x1c2b4f0)
device: GeForce GTX 1080 Ti (0x1c2bcf0)  kernel from: 0 to: 51328 -> range: 51328 (with blocking: 51328)
device: GeForce GTX 1080 Ti (0x1c2bcf0) duration: 0.717044
duration multTranspose ocl: 0.723792
GeForce GTX 1080 Ti
GeForce GTX 1080 Ti
GeForce GTX 1080 Ti
entering mult, device: GeForce GTX 1080 Ti (0x1c2bcf0)
entering mult, device: GeForce GTX 1080 Ti (0x1c2b4f0)
entering mult, device: GeForce GTX 1080 Ti (0x1c23cb0)
device: GeForce GTX 1080 Ti (0x1c2bcf0)  kernel from: 0 to: 124032 -> range: 124032 (with blocking: 124032)
device: GeForce GTX 1080 Ti (0x1c2b4f0)  kernel from: 248064 to: 371968 -> range: 123904 (with blocking: 123904)
device: GeForce GTX 1080 Ti (0x1c23cb0)  kernel from: 124032 to: 248064 -> range: 124032 (with blocking: 124032)
device: GeForce GTX 1080 Ti (0x1c23cb0) duration: 0.0860508
device: GeForce GTX 1080 Ti (0x1c2bcf0) duration: 0.0877741
device: GeForce GTX 1080 Ti (0x1c2b4f0) duration: 0.0871414
duration mult ocl: 0.0931861
entering multTranspose, device: GeForce GTX 1080 Ti (0x1c2b4f0)
entering multTranspose, device: GeForce GTX 1080 Ti (0x1c2bcf0)
entering multTranspose, device: GeForce GTX 1080 Ti (0x1c23cb0)
device: GeForce GTX 1080 Ti (0x1c2bcf0)  kernel from: 0 to: 51328 -> range: 51328 (with blocking: 51328)
device: GeForce GTX 1080 Ti (0x1c2bcf0) duration: 0.715924
duration multTranspose ocl: 0.720169
GeForce GTX 1080 Ti
GeForce GTX 1080 Ti
GeForce GTX 1080 Ti
entering mult, device: GeForce GTX 1080 Ti (0x1c2bcf0)
entering mult, device: GeForce GTX 1080 Ti (0x1c2b4f0)
entering mult, device: GeForce GTX 1080 Ti (0x1c23cb0)
device: GeForce GTX 1080 Ti (0x1c2bcf0)  kernel from: 0 to: 124032 -> range: 124032 (with blocking: 124032)
device: GeForce GTX 1080 Ti (0x1c23cb0)  kernel from: 124032 to: 248064 -> range: 124032 (with blocking: 124032)
device: GeForce GTX 1080 Ti (0x1c2b4f0)  kernel from: 248064 to: 371968 -> range: 123904 (with blocking: 123904)
device: GeForce GTX 1080 Ti (0x1c2bcf0) duration: 0.0875242
device: GeForce GTX 1080 Ti (0x1c23cb0) duration: 0.0864215
device: GeForce GTX 1080 Ti (0x1c2b4f0) duration: 0.0870789
duration mult ocl: 0.0932468
entering multTranspose, device: GeForce GTX 1080 Ti (0x1c2b4f0)
entering multTranspose, device: GeForce GTX 1080 Ti (0x1c2bcf0)
entering multTranspose, device: GeForce GTX 1080 Ti (0x1c23cb0)
device: GeForce GTX 1080 Ti (0x1c2b4f0)  kernel from: 0 to: 51328 -> range: 51328 (with blocking: 51328)
device: GeForce GTX 1080 Ti (0x1c2b4f0) duration: 0.713291
duration multTranspose ocl: 0.718729
GeForce GTX 1080 Ti
GeForce GTX 1080 Ti
GeForce GTX 1080 Ti
entering mult, device: GeForce GTX 1080 Ti (0x1c2b4f0)
entering mult, device: GeForce GTX 1080 Ti (0x1c2bcf0)
entering mult, device: GeForce GTX 1080 Ti (0x1c23cb0)
device: GeForce GTX 1080 Ti (0x1c2b4f0)  kernel from: 124032 to: 248064 -> range: 124032 (with blocking: 124032)
device: GeForce GTX 1080 Ti (0x1c2bcf0)  kernel from: 0 to: 124032 -> range: 124032 (with blocking: 124032)
device: GeForce GTX 1080 Ti (0x1c23cb0)  kernel from: 248064 to: 371968 -> range: 123904 (with blocking: 123904)
device: GeForce GTX 1080 Ti (0x1c2b4f0) duration: 0.0872764
device: GeForce GTX 1080 Ti (0x1c23cb0) duration: 0.0864092
device: GeForce GTX 1080 Ti (0x1c2bcf0) duration: 0.0878316
duration mult ocl: 0.0937873
entering multTranspose, device: GeForce GTX 1080 Ti (0x1c2bcf0)
entering multTranspose, device: GeForce GTX 1080 Ti (0x1c23cb0)
entering multTranspose, device: GeForce GTX 1080 Ti (0x1c2b4f0)
device: GeForce GTX 1080 Ti (0x1c23cb0)  kernel from: 0 to: 51328 -> range: 51328 (with blocking: 51328)
device: GeForce GTX 1080 Ti (0x1c23cb0) duration: 0.707035
duration multTranspose ocl: 0.713679
GeForce GTX 1080 Ti
GeForce GTX 1080 Ti
GeForce GTX 1080 Ti
entering mult, device: GeForce GTX 1080 Ti (0x1c23cb0)
entering mult, device: GeForce GTX 1080 Ti (0x1c2b4f0)
entering mult, device: GeForce GTX 1080 Ti (0x1c2bcf0)
device: GeForce GTX 1080 Ti (0x1c2bcf0)  kernel from: 124032 to: 248064 -> range: 124032 (with blocking: 124032)
device: GeForce GTX 1080 Ti (0x1c23cb0)  kernel from: 0 to: 124032 -> range: 124032 (with blocking: 124032)
device: GeForce GTX 1080 Ti (0x1c2b4f0)  kernel from: 248064 to: 371968 -> range: 123904 (with blocking: 123904)
device: GeForce GTX 1080 Ti (0x1c23cb0) duration: 0.0860539
device: GeForce GTX 1080 Ti (0x1c2b4f0) duration: 0.087294
device: GeForce GTX 1080 Ti (0x1c2bcf0) duration: 0.0882686
duration mult ocl: 0.0981036
entering multTranspose, device: GeForce GTX 1080 Ti (0x1c2bcf0)
entering multTranspose, device: GeForce GTX 1080 Ti (0x1c23cb0)
entering multTranspose, device: GeForce GTX 1080 Ti (0x1c2b4f0)
device: GeForce GTX 1080 Ti (0x1c2bcf0)  kernel from: 0 to: 51328 -> range: 51328 (with blocking: 51328)
device: GeForce GTX 1080 Ti (0x1c2bcf0) duration: 0.716242
duration multTranspose ocl: 0.722603
GeForce GTX 1080 Ti
GeForce GTX 1080 Ti
GeForce GTX 1080 Ti
entering mult, device: GeForce GTX 1080 Ti (0x1c2bcf0)
entering mult, device: GeForce GTX 1080 Ti (0x1c23cb0)
entering mult, device: GeForce GTX 1080 Ti (0x1c2b4f0)
device: GeForce GTX 1080 Ti (0x1c2b4f0)  kernel from: 124032 to: 248064 -> range: 124032 (with blocking: 124032)
device: GeForce GTX 1080 Ti (0x1c2bcf0)  kernel from: 0 to: 124032 -> range: 124032 (with blocking: 124032)
device: GeForce GTX 1080 Ti (0x1c23cb0)  kernel from: 248064 to: 371968 -> range: 123904 (with blocking: 123904)
device: GeForce GTX 1080 Ti (0x1c23cb0) duration: 0.0860189
device: GeForce GTX 1080 Ti (0x1c2b4f0) duration: 0.0872693
device: GeForce GTX 1080 Ti (0x1c2bcf0) duration: 0.0878652
duration mult ocl: 0.0930161
entering multTranspose, device: GeForce GTX 1080 Ti (0x1c2b4f0)
entering multTranspose, device: GeForce GTX 1080 Ti (0x1c2bcf0)
entering multTranspose, device: GeForce GTX 1080 Ti (0x1c23cb0)
device: GeForce GTX 1080 Ti (0x1c2bcf0)  kernel from: 0 to: 51328 -> range: 51328 (with blocking: 51328)
device: GeForce GTX 1080 Ti (0x1c2bcf0) duration: 0.716231
duration multTranspose ocl: 0.720735
GeForce GTX 1080 Ti
GeForce GTX 1080 Ti
GeForce GTX 1080 Ti
entering mult, device: GeForce GTX 1080 Ti (0x1c2bcf0)
entering mult, device: GeForce GTX 1080 Ti (0x1c23cb0)
entering mult, device: GeForce GTX 1080 Ti (0x1c2b4f0)
device: GeForce GTX 1080 Ti (0x1c2bcf0)  kernel from: 0 to: 124032 -> range: 124032 (with blocking: 124032)
device: GeForce GTX 1080 Ti (0x1c23cb0)  kernel from: 124032 to: 248064 -> range: 124032 (with blocking: 124032)
device: GeForce GTX 1080 Ti (0x1c2b4f0)  kernel from: 248064 to: 371968 -> range: 123904 (with blocking: 123904)
device: GeForce GTX 1080 Ti (0x1c23cb0) duration: 0.085676
device: GeForce GTX 1080 Ti (0x1c2bcf0) duration: 0.0878561
device: GeForce GTX 1080 Ti (0x1c2b4f0) duration: 0.0872827
duration mult ocl: 0.093444
entering multTranspose, device: GeForce GTX 1080 Ti (0x1c2b4f0)
entering multTranspose, device: GeForce GTX 1080 Ti (0x1c2bcf0)
entering multTranspose, device: GeForce GTX 1080 Ti (0x1c23cb0)
device: GeForce GTX 1080 Ti (0x1c2bcf0)  kernel from: 0 to: 51328 -> range: 51328 (with blocking: 51328)
device: GeForce GTX 1080 Ti (0x1c2bcf0) duration: 0.716452
duration multTranspose ocl: 0.721006
GeForce GTX 1080 Ti
GeForce GTX 1080 Ti
GeForce GTX 1080 Ti
entering mult, device: GeForce GTX 1080 Ti (0x1c2bcf0)
entering mult, device: GeForce GTX 1080 Ti (0x1c2b4f0)
entering mult, device: GeForce GTX 1080 Ti (0x1c23cb0)
device: GeForce GTX 1080 Ti (0x1c2bcf0)  kernel from: 0 to: 124032 -> range: 124032 (with blocking: 124032)
device: GeForce GTX 1080 Ti (0x1c23cb0)  kernel from: 248064 to: 371968 -> range: 123904 (with blocking: 123904)
device: GeForce GTX 1080 Ti (0x1c2b4f0)  kernel from: 124032 to: 248064 -> range: 124032 (with blocking: 124032)
device: GeForce GTX 1080 Ti (0x1c23cb0) duration: 0.0860159
device: GeForce GTX 1080 Ti (0x1c2bcf0) duration: 0.0874885
device: GeForce GTX 1080 Ti (0x1c2b4f0) duration: 0.086956
duration mult ocl: 0.0929489
entering multTranspose, device: GeForce GTX 1080 Ti (0x1c2b4f0)
entering multTranspose, device: GeForce GTX 1080 Ti (0x1c23cb0)
entering multTranspose, device: GeForce GTX 1080 Ti (0x1c2bcf0)
device: GeForce GTX 1080 Ti (0x1c2b4f0)  kernel from: 0 to: 51328 -> range: 51328 (with blocking: 51328)
device: GeForce GTX 1080 Ti (0x1c2b4f0) duration: 0.713463
duration multTranspose ocl: 0.720902
GeForce GTX 1080 Ti
GeForce GTX 1080 Ti
GeForce GTX 1080 Ti
entering mult, device: GeForce GTX 1080 Ti (0x1c2b4f0)
entering mult, device: GeForce GTX 1080 Ti (0x1c2bcf0)
entering mult, device: GeForce GTX 1080 Ti (0x1c23cb0)
device: GeForce GTX 1080 Ti (0x1c2b4f0)  kernel from: 0 to: 124032 -> range: 124032 (with blocking: 124032)
device: GeForce GTX 1080 Ti (0x1c2bcf0)  kernel from: 248064 to: 371968 -> range: 123904 (with blocking: 123904)
device: GeForce GTX 1080 Ti (0x1c23cb0)  kernel from: 124032 to: 248064 -> range: 124032 (with blocking: 124032)
device: GeForce GTX 1080 Ti (0x1c23cb0) duration: 0.086018
device: GeForce GTX 1080 Ti (0x1c2b4f0) duration: 0.0873083
device: GeForce GTX 1080 Ti (0x1c2bcf0) duration: 0.0878582
duration mult ocl: 0.093932
entering multTranspose, device: GeForce GTX 1080 Ti (0x1c2b4f0)
entering multTranspose, device: GeForce GTX 1080 Ti (0x1c2bcf0)
entering multTranspose, device: GeForce GTX 1080 Ti (0x1c23cb0)
device: GeForce GTX 1080 Ti (0x1c2bcf0)  kernel from: 0 to: 51328 -> range: 51328 (with blocking: 51328)
device: GeForce GTX 1080 Ti (0x1c2bcf0) duration: 0.717256
duration multTranspose ocl: 0.72173
GeForce GTX 1080 Ti
GeForce GTX 1080 Ti
GeForce GTX 1080 Ti
entering mult, device: GeForce GTX 1080 Ti (0x1c2bcf0)
entering mult, device: GeForce GTX 1080 Ti (0x1c2b4f0)
entering mult, device: GeForce GTX 1080 Ti (0x1c23cb0)
device: GeForce GTX 1080 Ti (0x1c2bcf0)  kernel from: 0 to: 124032 -> range: 124032 (with blocking: 124032)
device: GeForce GTX 1080 Ti (0x1c2b4f0)  kernel from: 124032 to: 248064 -> range: 124032 (with blocking: 124032)
device: GeForce GTX 1080 Ti (0x1c23cb0)  kernel from: 248064 to: 371968 -> range: 123904 (with blocking: 123904)
device: GeForce GTX 1080 Ti (0x1c23cb0) duration: 0.0856678
device: GeForce GTX 1080 Ti (0x1c2b4f0) duration: 0.0873318
device: GeForce GTX 1080 Ti (0x1c2bcf0) duration: 0.0878356
duration mult ocl: 0.100834
entering multTranspose, device: GeForce GTX 1080 Ti (0x1c2b4f0)
entering multTranspose, device: GeForce GTX 1080 Ti (0x1c2bcf0)
entering multTranspose, device: GeForce GTX 1080 Ti (0x1c23cb0)
device: GeForce GTX 1080 Ti (0x1c2bcf0)  kernel from: 0 to: 51328 -> range: 51328 (with blocking: 51328)
device: GeForce GTX 1080 Ti (0x1c2bcf0) duration: 0.717219
duration multTranspose ocl: 0.723375
GeForce GTX 1080 Ti
GeForce GTX 1080 Ti
GeForce GTX 1080 Ti
entering mult, device: GeForce GTX 1080 Ti (0x1c2bcf0)
entering mult, device: GeForce GTX 1080 Ti (0x1c23cb0)
entering mult, device: GeForce GTX 1080 Ti (0x1c2b4f0)
device: GeForce GTX 1080 Ti (0x1c23cb0)  kernel from: 0 to: 124032 -> range: 124032 (with blocking: 124032)
device: GeForce GTX 1080 Ti (0x1c2bcf0)  kernel from: 124032 to: 248064 -> range: 124032 (with blocking: 124032)
device: GeForce GTX 1080 Ti (0x1c2b4f0)  kernel from: 248064 to: 371968 -> range: 123904 (with blocking: 123904)
device: GeForce GTX 1080 Ti (0x1c23cb0) duration: 0.0856596
device: GeForce GTX 1080 Ti (0x1c2bcf0) duration: 0.0878541
device: GeForce GTX 1080 Ti (0x1c2b4f0) duration: 0.0876605
duration mult ocl: 0.093582
entering multTranspose, device: GeForce GTX 1080 Ti (0x1c2b4f0)
entering multTranspose, device: GeForce GTX 1080 Ti (0x1c23cb0)
entering multTranspose, device: GeForce GTX 1080 Ti (0x1c2bcf0)
device: GeForce GTX 1080 Ti (0x1c2b4f0)  kernel from: 0 to: 51328 -> range: 51328 (with blocking: 51328)
device: GeForce GTX 1080 Ti (0x1c2b4f0) duration: 0.713402
duration multTranspose ocl: 0.720929
GeForce GTX 1080 Ti
GeForce GTX 1080 Ti
GeForce GTX 1080 Ti
entering mult, device: GeForce GTX 1080 Ti (0x1c2b4f0)
entering mult, device: GeForce GTX 1080 Ti (0x1c2bcf0)
entering mult, device: GeForce GTX 1080 Ti (0x1c23cb0)
device: GeForce GTX 1080 Ti (0x1c23cb0)  kernel from: 124032 to: 248064 -> range: 124032 (with blocking: 124032)
device: GeForce GTX 1080 Ti (0x1c2bcf0)  kernel from: 0 to: 124032 -> range: 124032 (with blocking: 124032)
device: GeForce GTX 1080 Ti (0x1c2b4f0)  kernel from: 248064 to: 371968 -> range: 123904 (with blocking: 123904)
device: GeForce GTX 1080 Ti (0x1c23cb0) duration: 0.0859914
device: GeForce GTX 1080 Ti (0x1c2b4f0) duration: 0.0873411
device: GeForce GTX 1080 Ti (0x1c2bcf0) duration: 0.0878275
duration mult ocl: 0.0935454
entering multTranspose, device: GeForce GTX 1080 Ti (0x1c2bcf0)
