./datadriven/examplesOCL/regression_cmd --trainingFileName ../../DissertationCodeGTX/datasets/DR5/DR5_nowarnings_less05_train.arff --testFileName ../../DissertationCodeGTX/datasets/DR5/DR5_nowarnings_less05_test.arff --learnerMode LEARNTEST --grid.level 10 --lambda 1E-5 --grid.type ModLinear --verbose true --additionalConfig results_diss/DR5_scaling_ocl_float_gtx1080ti_4.cfg --operation.type STREAMING --operation.subType OCLMASKMP --solverFinal.maxIterations 500 --solverFinal.eps 0 --isRegression true --adaptConfig.support_refinement_min_support 500 --adaptConfig.support_refinement_ocl_config results_diss/DR5_scaling_ocl_float_gtx1080ti_4.cfg --adaptConfig.use_support_refinement --do_dummy_ocl_init
OCL Info: 2 OpenCL platforms have been found
OCL Info: detected platform, name: "Intel(R) OpenCL"
OCL Info: detected platform vendor name: "Intel(R) Corporation"
OCL Info: platform not configured, skipping...
OCL Info: detected platform, name: "NVIDIA CUDA"
OCL Info: detected platform vendor name: "NVIDIA Corporation"
OCL Info: using platform, name: "NVIDIA CUDA"
OCL Info: platform device count: 8
OCL Info: detected device, name: "GeForce GTX 1080 Ti"
OCL Info: using device, name: "GeForce GTX 1080 Ti"
OCL Info: detected device, name: "GeForce GTX 1080 Ti"
OCL Info: using device, name: "GeForce GTX 1080 Ti"
OCL Info: detected device, name: "GeForce GTX 1080 Ti"
OCL Info: using device, name: "GeForce GTX 1080 Ti"
OCL Info: detected device, name: "GeForce GTX 1080 Ti"
OCL Info: using device, name: "GeForce GTX 1080 Ti"
OCL Info: detected device, name: "GeForce GTX 1080 Ti"
OCL Info: detected device, name: "GeForce GTX 1080 Ti"
OCL Info: detected device, name: "GeForce GTX 1080 Ti"
OCL Info: detected device, name: "GeForce GTX 1080 Ti"
ocl dummy initalization duration: 7.49139
instances: 371908
support_refinement_min_support: 500
OCL Info: 2 OpenCL platforms have been found
OCL Info: detected platform, name: "Intel(R) OpenCL"
OCL Info: detected platform vendor name: "Intel(R) Corporation"
OCL Info: platform not configured, skipping...
OCL Info: detected platform, name: "NVIDIA CUDA"
OCL Info: detected platform vendor name: "NVIDIA Corporation"
OCL Info: using platform, name: "NVIDIA CUDA"
OCL Info: platform device count: 8
OCL Info: detected device, name: "GeForce GTX 1080 Ti"
OCL Info: using device, name: "GeForce GTX 1080 Ti"
OCL Info: detected device, name: "GeForce GTX 1080 Ti"
OCL Info: using device, name: "GeForce GTX 1080 Ti"
OCL Info: detected device, name: "GeForce GTX 1080 Ti"
OCL Info: using device, name: "GeForce GTX 1080 Ti"
OCL Info: detected device, name: "GeForce GTX 1080 Ti"
OCL Info: using device, name: "GeForce GTX 1080 Ti"
OCL Info: detected device, name: "GeForce GTX 1080 Ti"
OCL Info: detected device, name: "GeForce GTX 1080 Ti"
OCL Info: detected device, name: "GeForce GTX 1080 Ti"
OCL Info: detected device, name: "GeForce GTX 1080 Ti"
ocl_init_duration: 1.22352
building kernel: verify_support
building with optimization flags: 
--- Build Log ---


building with optimization flags: 
--- Build Log ---


building with optimization flags: 
--- Build Log ---


building with optimization flags: 
--- Build Log ---


num_candidates: 1
num_candidates: 1 block_size: 128 num_candidates_per_device: 0
device: 3 range_padded: 128 range_start: 0 range_end: 1
duration (s): 0.301868
candidates with support: 1
num_candidates: 10
num_candidates: 10 block_size: 128 num_candidates_per_device: 2
device: 3 range_padded: 128 range_start: 0 range_end: 10
duration (s): 0.259367
candidates with support: 10
num_candidates: 60
num_candidates: 60 block_size: 128 num_candidates_per_device: 15
device: 3 range_padded: 128 range_start: 0 range_end: 60
duration (s): 0.262738
candidates with support: 52
num_candidates: 236
num_candidates: 236 block_size: 128 num_candidates_per_device: 59
device: 3 range_padded: 256 range_start: 0 range_end: 236
duration (s): 0.263447
candidates with support: 181
num_candidates: 706
num_candidates: 706 block_size: 128 num_candidates_per_device: 176
device: 3 range_padded: 768 range_start: 0 range_end: 706
duration (s): 0.266632
candidates with support: 503
num_candidates: 1786
num_candidates: 1786 block_size: 128 num_candidates_per_device: 446
device: 3 range_padded: 1792 range_start: 0 range_end: 1786
duration (s): 0.267848
candidates with support: 1241
num_candidates: 4140
num_candidates: 4140 block_size: 128 num_candidates_per_device: 1035
device: device: 32 range_padded: device: 1152 range_start: 2070 range_end: 1 range_padded: 1152 range_start: 3105 range_end: 4140
 range_padded: 1152 range_start: 1035 range_end: 2070
3105
device: 0 range_padded: 1152 range_start: 0 range_end: 1035
duration (s): 0.266396
duration (s): 0.29426
duration (s): 0.305905
duration (s): 0.309652
candidates with support: 2886
num_candidates: 9216
num_candidates: 9216 block_size: 128 num_candidates_per_device: 2304
device: 0 range_padded: 2304 range_start: 0device: device: device: 1 range_end:  range_padded: 32304 range_start: 2304 range_end:  range_padded: 46082304
 range_start: 2304
2 range_padded: 2304 range_start: 4608 range_end: 69126912
 range_end: 9216
duration (s): 0.263285
duration (s): 0.265557
duration (s): 0.268932
duration (s): 0.269422
candidates with support: 6397
num_candidates: 19682
num_candidates: 19682 block_size: 128 num_candidates_per_device: 4920
device: 3 range_padded: 4992 range_start: 14760 range_end: 19682
device: 1 range_padded: 4992 range_start: 4920 range_end: 9840
device: 2 range_padded: 4992 range_start: 9840 range_end: 14760
device: 0 range_padded: 4992 range_start: 0 range_end: 4920
duration (s): 0.271062
duration (s): 0.278211
duration (s): 0.284214
duration (s): 0.288061
candidates with support: 13464
num_candidates: 40066
num_candidates: 40066 block_size: 128 num_candidates_per_device: 10016
device: 1 range_padded: 10112 range_start: 10016 range_end: 20032
device: device: 3 range_padded: 10112 range_start: 230048 range_padded:  range_end: 10112 range_start: 2003240066 range_end: 
30048
device: 0 range_padded: 10112 range_start: 0 range_end: 10016
duration (s): 0.29084
duration (s): 0.292815
duration (s): 0.301328
duration (s): 0.299134
candidates with support: 26558
datadriven refinement done, grid size: 51293
creating createOperationMultipleEval type: DEFAULT, using base operator factory
creating createOperationMultipleEval grid: ModLinear type: STREAMING subType: OCLMASKMP
OCL Info: 2 OpenCL platforms have been found
OCL Info: detected platform, name: "Intel(R) OpenCL"
OCL Info: detected platform vendor name: "Intel(R) Corporation"
OCL Info: detected platform, name: "NVIDIA CUDA"
OCL Info: detected platform vendor name: "NVIDIA Corporation"
OCL Info: using platform, name: "NVIDIA CUDA"
OCL Info: detected device, name: "GeForce GTX 1080 Ti"
OCL Info: using device, name: "GeForce GTX 1080 Ti"
OCL Info: detected device, name: "GeForce GTX 1080 Ti"
OCL Info: using device, name: "GeForce GTX 1080 Ti"
OCL Info: detected device, name: "GeForce GTX 1080 Ti"
OCL Info: using device, name: "GeForce GTX 1080 Ti"
OCL Info: detected device, name: "GeForce GTX 1080 Ti"
OCL Info: using device, name: "GeForce GTX 1080 Ti"
OCL Info: detected device, name: "GeForce GTX 1080 Ti"
OCL Info: detected device, name: "GeForce GTX 1080 Ti"
OCL Info: detected device, name: "GeForce GTX 1080 Ti"
OCL Info: detected device, name: "GeForce GTX 1080 Ti"
Starting Learning....

Doing refinement: 0
Grid Size: 51293
building with optimization flags: 
building with optimization flags: 
building with optimization flags: 
building with optimization flags: 
--- Begin Build Log ---


--- End Build Log ---
device: GeForce GTX 1080 Ti (0x2272cf0)  kernel from: 0 to: 12928 -> range: 12928 (with blocking: 12928)
--- Begin Build Log ---


--- End Build Log ---
device: GeForce GTX 1080 Ti (0x2273730)  kernel from: 12928 to: 25856 -> range: 12928 (with blocking: 12928)
--- Begin Build Log ---


--- End Build Log ---
device: GeForce GTX 1080 Ti (0x226acb0)  kernel from: 25856 to: 38784 -> range: 12928 (with blocking: 12928)
--- Begin Build Log ---


--- End Build Log ---
device: GeForce GTX 1080 Ti (0x22724f0)  kernel from: 38784 to: 51328 -> range: 12544 (with blocking: 12544)
device: 0x2273730 duration: 0.0235448
device: 0x226acb0 duration: 0.0237844
device: 0x2272cf0 duration: 0.0241234
device: 0x22724f0 duration: 0.0241336
duration multTranspose ocl mod: 0.134668
building with optimization flags: 
building with optimization flags: 
building with optimization flags: 
building with optimization flags: 
--- Begin Build Log ---


--- End Build Log ---
--- Begin Build Log ---


--- End Build Log ---
--- Begin Build Log ---


--- End Build Log ---
--- Begin Build Log ---


--- End Build Log ---
device: 0x2272cf0 kernel from: 0 to: 93056 -> range: 93056
device: 0x226acb0 kernel from: 93056 to: 186112 -> range: 93056
device: 0x22724f0 kernel from: 186112 to: 279168 -> range: 93056
device: 0x2273730 kernel from: 279168 to: 371968 -> range: 92800
device: 0x2272cf0 duration: 0.0397251
device: 0x226acb0 duration: 0.0420084
device: 0x22724f0 duration: 0.0411597
device: 0x2273730 duration: 0.0415171
duration mult ocl mod: 0.14831
device: GeForce GTX 1080 Ti (0x2272cf0)  kernel from: 0 to: 12928 -> range: 12928 (with blocking: 12928)
device: GeForce GTX 1080 Ti (0x22724f0)  kernel from: 12928 to: 25856 -> range: 12928 (with blocking: 12928)
device: GeForce GTX 1080 Ti (0x226acb0)  kernel from: 38784 to: 51328 -> range: 12544 (with blocking: 12544)
device: GeForce GTX 1080 Ti (0x2273730)  kernel from: 25856 to: 38784 -> range: 12928 (with blocking: 12928)
device: 0x2272cf0 duration: 0.0240528
device: 0x2273730 duration: 0.0235754
device: 0x22724f0 duration: 0.024191
device: 0x226acb0 duration: 0.0237865
duration multTranspose ocl mod: 0.0356639
device: 0x226acb0 kernel from: 0 to: 93056 -> range: 93056
device: 0x22724f0 kernel from: 93056 to: 186112 -> range: 93056
device: 0x2272cf0 kernel from: 186112 to: 279168 -> range: 93056
device: 0x2273730 kernel from: 279168 to: 371968 -> range: 92800
device: 0x2272cf0 duration: 0.0397394
device: 0x22724f0 duration: 0.0411709
device: 0x226acb0 duration: 0.0420238
device: 0x2273730 duration: 0.0415191
duration mult ocl mod: 0.048904
device: GeForce GTX 1080 Ti (0x2272cf0)  kernel from: 0 to: 12928 -> range: 12928 (with blocking: 12928)
device: GeForce GTX 1080 Ti (0x226acb0)  kernel from: 38784 to: 51328 -> range: 12544 (with blocking: 12544)
device: GeForce GTX 1080 Ti (0x22724f0)  kernel from: 25856 to: 38784 -> range: 12928 (with blocking: 12928)
device: GeForce GTX 1080 Ti (0x2273730)  kernel from: 12928 to: 25856 -> range: 12928 (with blocking: 12928)
device: 0x2273730 duration: 0.0235766
device: 0x226acb0 duration: 0.0237691
device: 0x22724f0 duration: 0.0241357
device: 0x2272cf0 duration: 0.024106
duration multTranspose ocl mod: 0.0333399
device: 0x22724f0 kernel from: 0 to: 93056 -> range: 93056
device: 0x2273730 kernel from: 93056 to: 186112 -> range: 93056
device: 0x2272cf0 kernel from: 186112 to: 279168 -> range: 93056
device: 0x226acb0 kernel from: 279168 to: 371968 -> range: 92800
device: 0x2272cf0 duration: 0.0397373
device: 0x226acb0 duration: 0.0405955
device: 0x22724f0 duration: 0.0412037
device: 0x2273730 duration: 0.0416183
duration mult ocl mod: 0.0510614
device: GeForce GTX 1080 Ti (0x2272cf0)  kernel from: 0 to: 12928 -> range: 12928 (with blocking: 12928)
device: GeForce GTX 1080 Ti (0x226acb0)  kernel from: 38784 to: 51328 -> range: 12544 (with blocking: 12544)
device: GeForce GTX 1080 Ti (0x22724f0)  kernel from: 12928 to: 25856 -> range: 12928 (with blocking: 12928)
device: GeForce GTX 1080 Ti (0x2273730)  kernel from: 25856 to: 38784 -> range: 12928 (with blocking: 12928)
device: 0x2273730 duration: 0.0237056
device: 0x2272cf0 duration: 0.0240978
device: 0x22724f0 duration: 0.0241398
device: 0x226acb0 duration: 0.023765
duration multTranspose ocl mod: 0.033688
device: 0x2272cf0 kernel from: 0 to: 93056 -> range: 93056
device: 0x226acb0 kernel from: 93056 to: 186112 -> range: 93056
device: 0x22724f0 kernel from: 186112 to: 279168 -> range: 93056
device: 0x2273730 kernel from: 279168 to: 371968 -> range: 92800
device: 0x2272cf0 duration: 0.039764
device: 0x226acb0 duration: 0.0405801
device: 0x22724f0 duration: 0.0412088
device: 0x2273730 duration: 0.041772
duration mult ocl mod: 0.0514891
device: GeForce GTX 1080 Ti (0x2272cf0)  kernel from: 0 to: 12928 -> range: 12928 (with blocking: 12928)
device: GeForce GTX 1080 Ti (0x226acb0)  kernel from: 38784 to: 51328 -> range: 12544 (with blocking: 12544)
device: GeForce GTX 1080 Ti (0x2273730)  kernel from: 12928 to: 25856 -> range: 12928 (with blocking: 12928)
device: GeForce GTX 1080 Ti (0x22724f0)  kernel from: 25856 to: 38784 -> range: 12928 (with blocking: 12928)
device: 0x2273730 duration: 0.0237036
device: 0x226acb0 duration: 0.0237373
device: 0x2272cf0 duration: 0.024113
device: 0x22724f0 duration: 0.024191
duration multTranspose ocl mod: 0.0327335
device: 0x22724f0 kernel from: 0 to: 93056 -> range: 93056
device: 0x2273730 kernel from: 93056 to: 186112 -> range: 93056
device: 0x226acb0 kernel from: 186112 to: 279168 -> range: 93056
device: 0x2272cf0 kernel from: 279168 to: 371968 -> range: 92800
device: 0x226acb0 duration: 0.0406077
device: 0x22724f0 duration: 0.0411822
device: 0x2272cf0 duration: 0.0411791
device: 0x2273730 duration: 0.041732
duration mult ocl mod: 0.0497142
device: GeForce GTX 1080 Ti (0x22724f0)  kernel from: 0 to: 12928 -> range: 12928 (with blocking: 12928)
device: GeForce GTX 1080 Ti (0x2272cf0)  kernel from: 12928 to: 25856 -> range: 12928 (with blocking: 12928)
device: GeForce GTX 1080 Ti (0x226acb0)  kernel from: 25856 to: 38784 -> range: 12928 (with blocking: 12928)
device: GeForce GTX 1080 Ti (0x2273730)  kernel from: 38784 to: 51328 -> range: 12544 (with blocking: 12544)
device: 0x2273730 duration: 0.0236247
device: 0x2272cf0 duration: 0.0241377
device: 0x226acb0 duration: 0.0237875
device: 0x22724f0 duration: 0.0242207
duration multTranspose ocl mod: 0.0370737
device: 0x2273730 kernel from: 0 to: 93056 -> range: 93056
device: 0x22724f0 kernel from: 93056 to: 186112 -> range: 93056
device: 0x2272cf0 kernel from: 186112 to: 279168 -> range: 93056
device: 0x226acb0 kernel from: 279168 to: 371968 -> range: 92800
device: 0x2272cf0 duration: 0.0397343
device: 0x22724f0 duration: 0.0411884
device: 0x2273730 duration: 0.0417157
device: 0x226acb0 duration: 0.0405924
duration mult ocl mod: 0.0515005
device: GeForce GTX 1080 Ti (0x2272cf0)  kernel from: 0 to: 12928 -> range: 12928 (with blocking: 12928)
device: GeForce GTX 1080 Ti (0x226acb0)  kernel from: 38784 to: 51328 -> range: 12544 (with blocking: 12544)
device: GeForce GTX 1080 Ti (0x2273730)  kernel from: 25856 to: 38784 -> range: 12928 (with blocking: 12928)
device: GeForce GTX 1080 Ti (0x22724f0)  kernel from: 12928 to: 25856 -> range: 12928 (with blocking: 12928)
device: 0x2273730 duration: 0.0236511
device: 0x226acb0 duration: 0.023723
device: 0x2272cf0 duration: 0.0241439
device: 0x22724f0 duration: 0.0242095
duration multTranspose ocl mod: 0.0366928
device: 0x22724f0 kernel from: 0 to: 93056 -> range: 93056
device: 0x2272cf0 kernel from: 93056 to: 186112 -> range: 93056
device: 0x2273730 kernel from: 186112 to: 279168 -> range: 93056
device: 0x226acb0 kernel from: 279168 to: 371968 -> range: 92800
device: 0x226acb0 duration: 0.0405699
device: 0x2272cf0 duration: 0.0411771
device: 0x2273730 duration: 0.0417372
device: 0x22724f0 duration: 0.0426208
duration mult ocl mod: 0.0488102
device: GeForce GTX 1080 Ti (0x2272cf0)  kernel from: 0 to: 12928 -> range: 12928 (with blocking: 12928)
device: GeForce GTX 1080 Ti (0x226acb0)  kernel from: 38784 to: 51328 -> range: 12544 (with blocking: 12544)
device: GeForce GTX 1080 Ti (0x22724f0)  kernel from: 12928 to: 25856 -> range: 12928 (with blocking: 12928)
device: GeForce GTX 1080 Ti (0x2273730)  kernel from: 25856 to: 38784 -> range: 12928 (with blocking: 12928)
device: 0x2273730 duration: 0.0236349
device: 0x2272cf0 duration: device: 0x22724f0 duration: 0.0241695
0.0241715
device: 0x226acb0 duration: 0.0238776
duration multTranspose ocl mod: 0.0334991
device: 0x2272cf0 kernel from: 0 to: 93056 -> range: 93056
device: 0x226acb0 kernel from: 93056 to: 186112 -> range: 93056
device: 0x22724f0 kernel from: 186112 to: 279168 -> range: 93056
device: 0x2273730 kernel from: 279168 to: 371968 -> range: 92800
device: 0x2272cf0 duration: 0.0397414
device: 0x22724f0 duration: 0.0397855
device: 0x226acb0 duration: 0.0405852
device: 0x2273730 duration: 0.0417453
duration mult ocl mod: 0.0506183
device: GeForce GTX 1080 Ti (0x2273730)  kernel from: 0 to: 12928 -> range: 12928 (with blocking: 12928)
device: GeForce GTX 1080 Ti (0x226acb0)  kernel from: 38784 to: 51328 -> range: 12544 (with blocking: 12544)
device: GeForce GTX 1080 Ti (0x22724f0)  kernel from: 25856 to: 38784 -> range: 12928 (with blocking: 12928)
device: GeForce GTX 1080 Ti (0x2272cf0)  kernel from: 12928 to: 25856 -> range: 12928 (with blocking: 12928)
device: 0x2273730 duration: 0.0236842
device: 0x2272cf0 duration: 0.0241091
device: 0x226acb0 duration: 0.023892
device: 0x22724f0 duration: 0.0241449
duration multTranspose ocl mod: 0.033358
device: 0x2273730 kernel from: 0 to: 93056 -> range: 93056
device: 0x22724f0 kernel from: 93056 to: 186112 -> range: 93056
device: 0x2272cf0 kernel from: 186112 to: 279168 -> range: 93056
device: 0x226acb0 kernel from: 279168 to: 371968 -> range: 92800
device: 0x2272cf0 duration: 0.0397394
device: 0x226acb0 duration: 0.0405924
device: 0x22724f0 duration: 0.0411894
device: 0x2273730 duration: 0.0417321
duration mult ocl mod: 0.051593
device: GeForce GTX 1080 Ti (0x2273730)  kernel from: 0 to: 12928 -> range: 12928 (with blocking: 12928)
device: GeForce GTX 1080 Ti (0x22724f0)  kernel from: 12928 to: 25856 -> range: 12928 (with blocking: 12928)
device: GeForce GTX 1080 Ti (0x226acb0)  kernel from: 38784 to: 51328 -> range: 12544 (with blocking: 12544)
device: GeForce GTX 1080 Ti (0x2272cf0)  kernel from: 25856 to: 38784 -> range: 12928 (with blocking: 12928)
device: 0x2273730 duration: 0.023728
device: 0x226acb0 duration: 0.0237343
device: 0x2272cf0 duration: 0.0241285
device: 0x22724f0 duration: 0.0241961
duration multTranspose ocl mod: 0.0349297
device: 0x22724f0 kernel from: 0 to: 93056 -> range: 93056
device: 0x2272cf0 kernel from: 93056 to: 186112 -> range: 93056
device: 0x2273730 kernel from: 186112 to: 279168 -> range: 93056
device: 0x226acb0 kernel from: 279168 to: 371968 -> range: 92800
device: 0x2272cf0 duration: 0.0397302
device: 0x226acb0 duration: 0.0406006
device: 0x22724f0 duration: 0.0411884
device: 0x2273730 duration: 0.0417126
duration mult ocl mod: 0.0482889
device: GeForce GTX 1080 Ti (0x22724f0)  kernel from: 0 to: 12928 -> range: 12928 (with blocking: 12928)
device: GeForce GTX 1080 Ti (0x226acb0)  kernel from: 38784 to: 51328 -> range: 12544 (with blocking: 12544)
device: GeForce GTX 1080 Ti (0x2272cf0)  kernel from: 12928 to: 25856 -> range: 12928 (with blocking: 12928)
device: GeForce GTX 1080 Ti (0x2273730)  kernel from: 25856 to: 38784 -> range: 12928 (with blocking: 12928)
device: 0x2273730 duration: 0.0237117
device: 0x226acb0 duration: 0.0238551
device: 0x2272cf0 duration: 0.024105
device: 0x22724f0 duration: 0.0241367
duration multTranspose ocl mod: 0.0344025
device: 0x226acb0 kernel from: 0 to: 93056 -> range: 93056
device: 0x2273730 kernel from: 93056 to: 186112 -> range: 93056
device: 0x22724f0 kernel from: 186112 to: 279168 -> range: 93056
device: 0x2272cf0 kernel from: 279168 to: 371968 -> range: 92800
device: 0x2272cf0 duration: 0.0397588
device: 0x22724f0 duration: 0.0411812
device: 0x2273730 duration: 0.0417485
device: 0x226acb0 duration: 0.0419942
duration mult ocl mod: 0.051429
device: GeForce GTX 1080 Ti (0x2272cf0)  kernel from: 0 to: 12928 -> range: 12928 (with blocking: 12928)
device: GeForce GTX 1080 Ti (0x2273730)  kernel from: 25856 to: 38784 -> range: 12928 (with blocking: 12928)
device: GeForce GTX 1080 Ti (0x22724f0)  kernel from: 12928 to: 25856 -> range: 12928 (with blocking: 12928)
device: GeForce GTX 1080 Ti (0x226acb0)  kernel from: 38784 to: 51328 -> range: 12544 (with blocking: 12544)
device: 0x2273730 duration: 0.0236759
device: 0x226acb0 duration: 0.0237578
device: 0x22724f0 duration: device: 0x2272cf0 duration: 0.0242176
0.024148
duration multTranspose ocl mod: 0.0342829
device: 0x22724f0 kernel from: 0 to: 93056 -> range: 93056
device: 0x2273730 kernel from: 93056 to: 186112 -> range: 93056
device: 0x226acb0 kernel from: 186112 to: 279168 -> range: 93056
device: 0x2272cf0 kernel from: 279168 to: 371968 -> range: 92800
device: 0x2272cf0 duration: 0.0397404
device: 0x226acb0 duration: 0.0406057
device: 0x22724f0 duration: 0.0411832
device: 0x2273730 duration: 0.0417352
duration mult ocl mod: 0.0490721
device: GeForce GTX 1080 Ti (0x2272cf0)  kernel from: 0 to: 12928 -> range: 12928 (with blocking: 12928)
device: GeForce GTX 1080 Ti (0x226acb0)  kernel from: 25856 to: 38784 -> range: 12928 (with blocking: 12928)
device: GeForce GTX 1080 Ti (0x22724f0)  kernel from: 12928 to: 25856 -> range: 12928 (with blocking: 12928)
device: GeForce GTX 1080 Ti (0x2273730)  kernel from: 38784 to: 51328 -> range: 12544 (with blocking: 12544)
device: 0x2273730 duration: 0.0236646
device: 0x2272cf0 duration: 0.0241654
device: 0x226acb0 duration: 0.0237884
device: 0x22724f0 duration: 0.0241142
duration multTranspose ocl mod: 0.0369125
device: 0x226acb0 kernel from: 0 to: 93056 -> range: 93056
device: 0x22724f0 kernel from: 93056 to: 186112 -> range: 93056
device: 0x2272cf0 kernel from: 186112 to: 279168 -> range: 93056
device: 0x2273730 kernel from: 279168 to: 371968 -> range: 92800
device: 0x2272cf0 duration: 0.0397373
device: 0x226acb0 duration: 0.0405924
device: 0x2273730 duration: 0.0417403
device: 0x22724f0 duration: 0.0426127
duration mult ocl mod: 0.0528916
device: GeForce GTX 1080 Ti (0x22724f0)  kernel from: 0 to: 12928 -> range: 12928 (with blocking: 12928)
device: GeForce GTX 1080 Ti (0x2273730)  kernel from: 25856 to: 38784 -> range: 12928 (with blocking: 12928)
device: GeForce GTX 1080 Ti (0x2272cf0)  kernel from: 12928 to: 25856 -> range: 12928 (with blocking: 12928)
device: GeForce GTX 1080 Ti (0x226acb0)  kernel from: 38784 to: 51328 -> range: 12544 (with blocking: 12544)
device: 0x22724f0 duration: 0.0241961
device: 0x2272cf0 duration: 0.0241613
device: 0x2273730 duration: 0.0237486
device: 0x226acb0 duration: 0.0238367
duration multTranspose ocl mod: 0.0375185
device: 0x2273730 kernel from: 0 to: 93056 -> range: 93056
device: 0x226acb0 kernel from: 93056 to: 186112 -> range: 93056
device: 0x22724f0 kernel from: 186112 to: 279168 -> range: 93056
device: 0x2272cf0 kernel from: 279168 to: 371968 -> range: 92800
device: 0x2272cf0 duration: 0.0397332
device: 0x226acb0 duration: 0.0405965
device: 0x22724f0 duration: 0.0412049
device: 0x2273730 duration: 0.0417495
duration mult ocl mod: 0.0510534
device: GeForce GTX 1080 Ti (0x22724f0)  kernel from: 0 to: 12928 -> range: 12928 (with blocking: 12928)
device: GeForce GTX 1080 Ti (0x226acb0)  kernel from: 38784 to: 51328 -> range: 12544 (with blocking: 12544)
device: GeForce GTX 1080 Ti (0x2272cf0)  kernel from: 12928 to: 25856 -> range: 12928 (with blocking: 12928)
device: GeForce GTX 1080 Ti (0x2273730)  kernel from: 25856 to: 38784 -> range: 12928 (with blocking: 12928)
device: 0x226acb0 duration: 0.0237496
device: 0x2273730 duration: 0.0236626
device: 0x2272cf0 duration: 0.0241531
device: 0x22724f0 duration: 0.0241644
duration multTranspose ocl mod: 0.0352598
device: 0x22724f0 kernel from: 0 to: 93056 -> range: 93056
device: 0x226acb0 kernel from: 93056 to: 186112 -> range: 93056
device: 0x2273730 kernel from: 186112 to: 279168 -> range: 93056
device: 0x2272cf0 kernel from: 279168 to: 371968 -> range: 92800
device: 0x22724f0 duration: 0.0397507
device: 0x2272cf0 duration: 0.041172
device: 0x226acb0 duration: 0.0420086
device: 0x2273730 duration: 0.0417177
duration mult ocl mod: 0.0493311
device: GeForce GTX 1080 Ti (0x22724f0)  kernel from: 0 to: 12928 -> range: 12928 (with blocking: 12928)
device: GeForce GTX 1080 Ti (0x2273730)  kernel from: 25856 to: 38784 -> range: 12928 (with blocking: 12928)
device: GeForce GTX 1080 Ti (0x2272cf0)  kernel from: 12928 to: 25856 -> range: 12928 (with blocking: 12928)
device: GeForce GTX 1080 Ti (0x226acb0)  kernel from: 38784 to: 51328 -> range: 12544 (with blocking: 12544)
device: 0x226acb0 duration: device: 0x2273730 duration: 0.0237558
0.0236913
device: 0x2272cf0 duration: 0.0242094
device: 0x22724f0 duration: 0.0242432
duration multTranspose ocl mod: 0.0343554
device: 0x2273730 kernel from: 0 to: 93056 -> range: 93056
device: 0x22724f0 kernel from: 93056 to: 186112 -> range: 93056
device: 0x2272cf0 kernel from: 186112 to: 279168 -> range: 93056
device: 0x226acb0 kernel from: 279168 to: 371968 -> range: 92800
device: 0x226acb0 duration: 0.0391823
device: 0x2272cf0 duration: 0.0397384
device: 0x22724f0 duration: 0.041172
device: 0x2273730 duration: 0.0417484
duration mult ocl mod: 0.0515308
device: GeForce GTX 1080 Ti (0x2273730)  kernel from: 0 to: 12928 -> range: 12928 (with blocking: 12928)
device: GeForce GTX 1080 Ti (0x226acb0)  kernel from: 25856 to: 38784 -> range: 12928 (with blocking: 12928)
device: GeForce GTX 1080 Ti (0x22724f0)  kernel from: 38784 to: 51328 -> range: 12544 (with blocking: 12544)
device: GeForce GTX 1080 Ti (0x2272cf0)  kernel from: 12928 to: 25856 -> range: 12928 (with blocking: 12928)
device: 0x2272cf0 duration: 0.0241705
device: 0x22724f0 duration: 0.0241562
device: 0x2273730 duration: 0.0237722
device: 0x226acb0 duration: 0.0238797
duration multTranspose ocl mod: 0.0386508
device: 0x2273730 kernel from: 0 to: 93056 -> range: 93056
device: 0x226acb0 kernel from: 93056 to: 186112 -> range: 93056
device: 0x22724f0 kernel from: 186112 to: 279168 -> range: 93056
device: 0x2272cf0 kernel from: 279168 to: 371968 -> range: 92800
device: 0x226acb0 duration: 0.040579
device: 0x22724f0 duration: 0.0411823
device: 0x2272cf0 duration: 0.0412088
device: 0x2273730 duration: 0.0417536
duration mult ocl mod: 0.0518058
device: GeForce GTX 1080 Ti (0x2272cf0)  kernel from: 0 to: 12928 -> range: 12928 (with blocking: 12928)
device: GeForce GTX 1080 Ti (0x2273730)  kernel from: 25856 to: 38784 -> range: 12928 (with blocking: 12928)
device: GeForce GTX 1080 Ti (0x22724f0)  kernel from: 12928 to: 25856 -> range: 12928 (with blocking: 12928)
device: GeForce GTX 1080 Ti (0x226acb0)  kernel from: 38784 to: 51328 -> range: 12544 (with blocking: 12544)
device: 0x2273730 duration: 0.0237332
device: 0x22724f0 duration: 0.0240957
device: 0x2272cf0 duration: 0.0240988
device: 0x226acb0 duration: 0.0237486
duration multTranspose ocl mod: 0.0409448
device: 0x2273730 kernel from: 0 to: 93056 -> range: 93056
device: 0x226acb0 kernel from: 93056 to: 186112 -> range: 93056
device: 0x22724f0 kernel from: 186112 to: 279168 -> range: 93056
device: 0x2272cf0 kernel from: 279168 to: 371968 -> range: 92800
device: 0x2272cf0 duration: 0.0397425
device: 0x226acb0 duration: 0.0405965
device: 0x2273730 duration: 0.0417208
device: 0x22724f0 duration: 0.0411853
duration mult ocl mod: 0.0482029
device: GeForce GTX 1080 Ti (0x2272cf0)  kernel from: 0 to: 12928 -> range: 12928 (with blocking: 12928)
device: GeForce GTX 1080 Ti (0x22724f0)  kernel from: 12928 to: 25856 -> range: 12928 (with blocking: 12928)
device: GeForce GTX 1080 Ti (0x2273730)  kernel from: 25856 to: 38784 -> range: 12928 (with blocking: 12928)
device: GeForce GTX 1080 Ti (0x226acb0)  kernel from: 38784 to: 51328 -> range: 12544 (with blocking: 12544)
device: 0x226acb0 duration: device: 0.02374960x2273730
 duration: 0.0236892
device: 0x2272cf0 duration: 0.0241418
device: 0x22724f0 duration: 0.024191
duration multTranspose ocl mod: 0.0355332
device: 0x226acb0 kernel from: 0 to: 93056 -> range: 93056
device: 0x22724f0 kernel from: 93056 to: 186112 -> range: 93056
device: 0x2273730 kernel from: 186112 to: 279168 -> range: 93056
device: 0x2272cf0 kernel from: 279168 to: 371968 -> range: 92800
device: 0x226acb0 duration: 0.0392244
device: 0x22724f0 duration: 0.0397619
device: 0x2272cf0 duration: 0.0397353
device: 0x2273730 duration: 0.04173
duration mult ocl mod: 0.0512247
device: GeForce GTX 1080 Ti (0x22724f0)  kernel from: 0 to: 12928 -> range: 12928 (with blocking: 12928)
device: GeForce GTX 1080 Ti (0x2273730)  kernel from: 25856 to: 38784 -> range: 12928 (with blocking: 12928)
device: GeForce GTX 1080 Ti (0x226acb0)  kernel from: 38784 to: 51328 -> range: 12544 (with blocking: 12544)
device: GeForce GTX 1080 Ti (0x2272cf0)  kernel from: 12928 to: 25856 -> range: 12928 (with blocking: 12928)
device: 0x2273730 duration: 0.0237025
device: 0x22724f0 duration: 0.0242002
device: 0x2272cf0 duration: 0.0241285
device: 0x226acb0 duration: 0.0237208
duration multTranspose ocl mod: 0.0462344
device: 0x226acb0 kernel from: 0 to: 93056 -> range: 93056
device: 0x2273730 kernel from: 93056 to: 186112 -> range: 93056
device: 0x2272cf0 kernel from: 186112 to: 279168 -> range: 93056
device: 0x22724f0 kernel from: 279168 to: 371968 -> range: 92800
device: 0x2273730 duration: 0.0417219
device: 0x2272cf0 duration: 0.0397414
device: 0x226acb0 duration: 0.0406076
device: 0x22724f0 duration: 0.0412007
duration mult ocl mod: 0.0511035
device: GeForce GTX 1080 Ti (0x22724f0)  kernel from: 0 to: 12928 -> range: 12928 (with blocking: 12928)
device: GeForce GTX 1080 Ti (0x226acb0)  kernel from: 38784 to: 51328 -> range: 12544 (with blocking: 12544)
device: GeForce GTX 1080 Ti (0x2273730)  kernel from: 12928 to: 25856 -> range: 12928 (with blocking: 12928)
device: GeForce GTX 1080 Ti (0x2272cf0)  kernel from: 25856 to: 38784 -> range: 12928 (with blocking: 12928)
device: 0x2273730 duration: 0.023688
device: 0x226acb0 duration: 0.0237732
device: 0x22724f0 duration: device: 0x2272cf0 duration: 0.0242073
0.0241777
duration multTranspose ocl mod: 0.0343071
device: 0x22724f0 kernel from: 0 to: 93056 -> range: 93056
device: 0x2273730 kernel from: 93056 to: 186112 -> range: 93056
device: 0x2272cf0 kernel from: 186112 to: 279168 -> range: 93056
device: 0x226acb0 kernel from: 279168 to: 371968 -> range: 92800
device: 0x226acb0 duration: 0.0405934
device: 0x2272cf0 duration: 0.04118
device: 0x22724f0 duration: 0.0411945
device: 0x2273730 duration: 0.0417188
duration mult ocl mod: 0.0526542
device: GeForce GTX 1080 Ti (0x22724f0)  kernel from: 0 to: 12928 -> range: 12928 (with blocking: 12928)
device: GeForce GTX 1080 Ti (0x2272cf0)  kernel from: 25856 to: 38784 -> range: 12928 (with blocking: 12928)
device: GeForce GTX 1080 Ti (0x2273730)  kernel from: 12928 to: 25856 -> range: 12928 (with blocking: 12928)
device: GeForce GTX 1080 Ti (0x226acb0)  kernel from: 38784 to: 51328 -> range: 12544 (with blocking: 12544)
device: 0x22724f0 duration: 0.0242012
device: 0x2273730 duration: 0.0237005
device: 0x226acb0 duration: 0.0238346
device: 0x2272cf0 duration: 0.0241857
duration multTranspose ocl mod: 0.034648
device: 0x2273730 kernel from: 0 to: 93056 -> range: 93056
device: 0x22724f0 kernel from: 93056 to: 186112 -> range: 93056device: 
0x2272cf0 kernel from: 186112 to: 279168 -> range: 93056
device: 0x226acb0 kernel from: 279168 to: 371968 -> range: 92800
device: 0x2272cf0 duration: 0.0397332
device: 0x226acb0 duration: 0.0406067
device: 0x22724f0 duration: 0.0411976
device: 0x2273730 duration: 0.0417485
duration mult ocl mod: 0.050465
device: GeForce GTX 1080 Ti (0x2272cf0)  kernel from: 0 to: 12928 -> range: 12928 (with blocking: 12928)
device: GeForce GTX 1080 Ti (0x2273730)  kernel from: 25856 to: 38784 -> range: 12928 (with blocking: 12928)
device: GeForce GTX 1080 Ti (0x226acb0)  kernel from: 38784 to: 51328 -> range: 12544 (with blocking: 12544)
device: GeForce GTX 1080 Ti (0x22724f0)  kernel from: 12928 to: 25856 -> range: 12928 (with blocking: 12928)
device: 0x2272cf0 duration: 0.0241654
device: 0x226acb0 duration: 0.023767
device: 0x2273730 duration: 0.0237392
device: 0x22724f0 duration: 0.02419
duration multTranspose ocl mod: 0.0358549
device: 0x2272cf0 kernel from: 0 to: 93056 -> range: 93056
device: 0x2273730 kernel from: 93056 to: 186112 -> range: 93056
device: 0x22724f0 kernel from: 186112 to: 279168 -> range: 93056
device: 0x226acb0 kernel from: 279168 to: 371968 -> range: 92800
device: 0x2272cf0 duration: 0.0411843
device: 0x226acb0 duration: 0.0406006
device: 0x22724f0 duration: device: 0x2273730 duration: 0.0412262
0.041728
duration mult ocl mod: 0.0476997
device: GeForce GTX 1080 Ti (0x2273730)  kernel from: 0 to: 12928 -> range: 12928 (with blocking: 12928)
device: GeForce GTX 1080 Ti (0x2272cf0)  kernel from: 25856 to: 38784 -> range: 12928 (with blocking: 12928)
device: GeForce GTX 1080 Ti (0x22724f0)  kernel from: 12928 to: 25856 -> range: 12928 (with blocking: 12928)
device: GeForce GTX 1080 Ti (0x226acb0)  kernel from: 38784 to: 51328 -> range: 12544 (with blocking: 12544)
device: 0x2273730 duration: 0.0237179
device: 0x226acb0 duration: 0.0238756
device: 0x22724f0 duration: 0.0241869
device: 0x2272cf0 duration: 0.0241101
duration multTranspose ocl mod: 0.0343314
device: 0x2273730 kernel from: 0 to: 93056 -> range: 93056
device: 0x2272cf0 kernel from: 93056 to: 186112 -> range: 93056
device: 0x226acb0 kernel from: 186112 to: 279168 -> range: 93056
device: 0x22724f0 kernel from: 279168 to: 371968 -> range: 92800
device: 0x2272cf0 duration: 0.0411863
device: 0x226acb0 duration: 0.0405965
device: 0x2273730 duration: device: 0x22724f0 duration: 0.0417362
0.0411832
duration mult ocl mod: 0.0542335
device: GeForce GTX 1080 Ti (0x2273730)  kernel from: 0 to: 12928 -> range: 12928 (with blocking: 12928)
device: GeForce GTX 1080 Ti (0x226acb0)  kernel from: 38784 to: 51328 -> range: 12544 (with blocking: 12544)
device: GeForce GTX 1080 Ti (0x22724f0)  kernel from: 12928 to: 25856 -> range: 12928 (with blocking: 12928)
device: GeForce GTX 1080 Ti (0x2272cf0)  kernel from: 25856 to: 38784 -> range: 12928 (with blocking: 12928)
device: 0x2273730 duration: 0.0236503
device: 0x226acb0 duration: 0.0238264
device: 0x2272cf0 duration: 0.0241019
device: 0x22724f0 duration: 0.0241603
duration multTranspose ocl mod: 0.0346937
device: 0x226acb0 kernel from: 0 to: 93056 -> range: 93056
device: 0x2272cf0 kernel from: 93056 to: 186112 -> range: 93056
device: 0x2273730 kernel from: 186112 to: 279168 -> range: 93056
device: 0x22724f0 kernel from: 279168 to: 371968 -> range: 92800
device: 0x2272cf0 duration: 0.0397507
device: 0x226acb0 duration: 0.0405996
device: 0x22724f0 duration: 0.0411781
device: 0x2273730 duration: 0.0417434
duration mult ocl mod: 0.0486227
device: GeForce GTX 1080 Ti (0x2272cf0)  kernel from: 0 to: 12928 -> range: 12928 (with blocking: 12928)
device: GeForce GTX 1080 Ti (0x2273730)  kernel from: 38784 to: 51328 -> range: 12544 (with blocking: 12544)
device: GeForce GTX 1080 Ti (0x226acb0)  kernel from: 25856 to: 38784 -> range: 12928 (with blocking: 12928)
device: GeForce GTX 1080 Ti (0x22724f0)  kernel from: 12928 to: 25856 -> range: 12928 (with blocking: 12928)
device: 0x22724f0 duration: 0.0242637
device: 0x2273730 duration: 0.0236902
device: 0x226acb0 duration: 0.0238235
device: 0x2272cf0 duration: 0.0241469
duration multTranspose ocl mod: 0.0370237
device: 0x226acb0 kernel from: 0 to: 93056 -> range: 93056
device: 0x2272cf0 kernel from: 93056 to: 186112 -> range: 93056
device: 0x22724f0 kernel from: 186112 to: 279168 -> range: 93056
device: 0x2273730 kernel from: 279168 to: 371968 -> range: 92800
device: 0x226acb0 duration: 0.0405924
device: 0x2272cf0 duration: 0.041173
device: 0x22724f0 duration: 0.041214
device: 0x2273730 duration: 0.0417147
duration mult ocl mod: 0.0511964
device: GeForce GTX 1080 Ti (0x2273730)  kernel from: 0 to: 12928 -> range: 12928 (with blocking: 12928)
device: GeForce GTX 1080 Ti (0x2272cf0)  kernel from: 25856 to: 38784 -> range: 12928 (with blocking: 12928)
device: GeForce GTX 1080 Ti (0x22724f0)  kernel from: 12928 to: 25856 -> range: 12928 (with blocking: 12928)
device: GeForce GTX 1080 Ti (0x226acb0)  kernel from: 38784 to: 51328 -> range: 12544 (with blocking: 12544)
device: 0x2272cf0 duration: 0.0241418
device: 0x226acb0 duration: 0.0237578
device: 0x22724f0 duration: 0.0242094
device: 0x2273730 duration: 0.0237097
duration multTranspose ocl mod: 0.0376003
device: 0x226acb0 kernel from: 0 to: 93056 -> range: 93056
device: 0x2272cf0 kernel from: 93056 to: 186112 -> range: 93056
device: 0x2273730 kernel from: 186112 to: 279168 -> range: 93056
device: 0x22724f0 kernel from: 279168 to: 371968 -> range: 92800
device: 0x2272cf0 duration: 0.0397394
device: 0x226acb0 duration: 0.0406036
device: 0x22724f0 duration: device: 0x2273730 duration: 0.0411894
0.0417566
duration mult ocl mod: 0.0500894
device: GeForce GTX 1080 Ti (0x22724f0)  kernel from: 0 to: 12928 -> range: 12928 (with blocking: 12928)
device: GeForce GTX 1080 Ti (0x2272cf0)  kernel from: 25856 to: 38784 -> range: 12928 (with blocking: 12928)
device: GeForce GTX 1080 Ti (0x226acb0)  kernel from: 38784 to: 51328 -> range: 12544 (with blocking: 12544)
device: GeForce GTX 1080 Ti (0x2273730)  kernel from: 12928 to: 25856 -> range: 12928 (with blocking: 12928)
device: 0x226acb0 duration: device: 0x2273730 duration: 0.0237579
0.0237169
device: 0x2272cf0 duration: 0.0240763
device: 0x22724f0 duration: 0.0243005
duration multTranspose ocl mod: 0.034419
device: 0x2272cf0 kernel from: 0 to: 93056 -> range: 93056
device: 0x2273730 kernel from: 93056 to: 186112 -> range: 93056
device: 0x226acb0 kernel from: 186112 to: 279168 -> range: 93056
device: 0x22724f0 kernel from: 279168 to: 371968 -> range: 92800
device: 0x2272cf0 duration: 0.0397516
device: 0x226acb0 duration: 0.0406077
device: 0x22724f0 duration: 0.041175
device: 0x2273730 duration: 0.0417423
duration mult ocl mod: 0.048385
device: GeForce GTX 1080 Ti (0x2273730)  kernel from: 0 to: 12928 -> range: 12928 (with blocking: 12928)
device: GeForce GTX 1080 Ti (0x226acb0)  kernel from: 38784 to: 51328 -> range: 12544 (with blocking: 12544)
device: GeForce GTX 1080 Ti (0x22724f0)  kernel from: 12928 to: 25856 -> range: 12928 (with blocking: 12928)
device: GeForce GTX 1080 Ti (0x2272cf0)  kernel from: 25856 to: 38784 -> range: 12928 (with blocking: 12928)
device: 0x2273730 duration: 0.0237322
device: 0x226acb0 duration: 0.0237373
device: 0x22724f0 duration: 0.0241449
device: 0x2272cf0 duration: 0.0241224
duration multTranspose ocl mod: 0.0346956
device: 0x2273730 kernel from: 0 to: 93056 -> range: 93056
device: 0x22724f0 kernel from: 93056 to: 186112 -> range: 93056
device: 0x2272cf0 kernel from: 186112 to: 279168 -> range: 93056
device: 0x226acb0 kernel from: 279168 to: 371968 -> range: 92800
device: 0x226acb0 duration: device: 0x2272cf0 duration: 0.0405903
0.0412396
device: 0x22724f0 duration: 0.0411812
device: 0x2273730 duration: 0.0417587
duration mult ocl mod: 0.0508904
device: GeForce GTX 1080 Ti (0x2273730)  kernel from: 0 to: 12928 -> range: 12928 (with blocking: 12928)
device: GeForce GTX 1080 Ti (0x226acb0)  kernel from: 38784 to: 51328 -> range: 12544 (with blocking: 12544)
device: GeForce GTX 1080 Ti (0x22724f0)  kernel from: 25856 to: 38784 -> range: 12928 (with blocking: 12928)
device: GeForce GTX 1080 Ti (0x2272cf0)  kernel from: 12928 to: 25856 -> range: 12928 (with blocking: 12928)
device: 0x226acb0 duration: 0.0237313
device: 0x2273730 duration: 0.0236237
device: 0x2272cf0 duration: 0.0240906
device: 0x22724f0 duration: 0.0241203
duration multTranspose ocl mod: 0.0347863
device: 0x2273730 kernel from: 0 to: 93056 -> range: 93056
device: 0x226acb0 kernel from: 93056 to: 186112 -> range: 93056
device: 0x2272cf0 kernel from: 186112 to: 279168 -> range: 93056
device: 0x22724f0 kernel from: 279168 to: 371968 -> range: 92800
device: 0x2272cf0 duration: 0.0397455
device: 0x226acb0 duration: 0.0406006
device: 0x22724f0 duration: 0.0411761
device: 0x2273730 duration: 0.0417249
duration mult ocl mod: 0.0518137
