./datadriven/examplesOCL/regression_cmd --trainingFileName ../../DissertationCodeGTX/datasets/DR5/DR5_nowarnings_less05_train.arff --testFileName ../../DissertationCodeGTX/datasets/DR5/DR5_nowarnings_less05_test.arff --learnerMode LEARNTEST --grid.level 10 --lambda 1E-5 --grid.type ModLinear --verbose true --additionalConfig results_diss/DR5_scaling_ocl_float_gtx1080ti_6.cfg --operation.type STREAMING --operation.subType OCLFASTMP --solverFinal.maxIterations 500 --solverFinal.eps 0 --isRegression true --adaptConfig.support_refinement_min_support 500 --adaptConfig.support_refinement_ocl_config results_diss/DR5_scaling_ocl_float_gtx1080ti_6.cfg --adaptConfig.use_support_refinement --do_dummy_ocl_init
OCL Info: 2 OpenCL platforms have been found
OCL Info: detected platform, name: "Intel(R) OpenCL"
OCL Info: detected platform vendor name: "Intel(R) Corporation"
OCL Info: platform not configured, skipping...
OCL Info: detected platform, name: "NVIDIA CUDA"
OCL Info: detected platform vendor name: "NVIDIA Corporation"
OCL Info: using platform, name: "NVIDIA CUDA"
OCL Info: platform device count: 8
OCL Info: detected device, name: "GeForce GTX 1080 Ti"
OCL Info: using device, name: "GeForce GTX 1080 Ti"
OCL Info: detected device, name: "GeForce GTX 1080 Ti"
OCL Info: using device, name: "GeForce GTX 1080 Ti"
OCL Info: detected device, name: "GeForce GTX 1080 Ti"
OCL Info: using device, name: "GeForce GTX 1080 Ti"
OCL Info: detected device, name: "GeForce GTX 1080 Ti"
OCL Info: using device, name: "GeForce GTX 1080 Ti"
OCL Info: detected device, name: "GeForce GTX 1080 Ti"
OCL Info: using device, name: "GeForce GTX 1080 Ti"
OCL Info: detected device, name: "GeForce GTX 1080 Ti"
OCL Info: using device, name: "GeForce GTX 1080 Ti"
OCL Info: detected device, name: "GeForce GTX 1080 Ti"
OCL Info: detected device, name: "GeForce GTX 1080 Ti"
ocl dummy initalization duration: 8.35029
instances: 371908
support_refinement_min_support:500
OCL Info: 2 OpenCL platforms have been found
OCL Info: detected platform, name: "Intel(R) OpenCL"
OCL Info: detected platform vendor name: "Intel(R) Corporation"
OCL Info: platform not configured, skipping...
OCL Info: detected platform, name: "NVIDIA CUDA"
OCL Info: detected platform vendor name: "NVIDIA Corporation"
OCL Info: using platform, name: "NVIDIA CUDA"
OCL Info: platform device count: 8
OCL Info: detected device, name: "GeForce GTX 1080 Ti"
OCL Info: using device, name: "GeForce GTX 1080 Ti"
OCL Info: detected device, name: "GeForce GTX 1080 Ti"
OCL Info: using device, name: "GeForce GTX 1080 Ti"
OCL Info: detected device, name: "GeForce GTX 1080 Ti"
OCL Info: using device, name: "GeForce GTX 1080 Ti"
OCL Info: detected device, name: "GeForce GTX 1080 Ti"
OCL Info: using device, name: "GeForce GTX 1080 Ti"
OCL Info: detected device, name: "GeForce GTX 1080 Ti"
OCL Info: using device, name: "GeForce GTX 1080 Ti"
OCL Info: detected device, name: "GeForce GTX 1080 Ti"
OCL Info: using device, name: "GeForce GTX 1080 Ti"
OCL Info: detected device, name: "GeForce GTX 1080 Ti"
OCL Info: detected device, name: "GeForce GTX 1080 Ti"
ocl_init_duration: 1.90317
warning: support refinement: more than one device configured, using first device only!
building kernel: verify_support
building with optimization flags: 
--- Begin Build Log ---


--- End Build Log ---
num_candidates: 1
num_candidates: 1 num_candidates_padded: 256 grid_size: 256 block_size: 256
duration (s): 0.317184
candidates with support: 1
num_candidates: 10
num_candidates: 10 num_candidates_padded: 256 grid_size: 256 block_size: 256
duration (s): 0.280568
candidates with support: 10
num_candidates: 60
num_candidates: 60 num_candidates_padded: 256 grid_size: 256 block_size: 256
duration (s): 0.27492
candidates with support: 52
num_candidates: 236
num_candidates: 236 num_candidates_padded: 256 grid_size: 256 block_size: 256
duration (s): 0.276937
candidates with support: 181
num_candidates: 706
num_candidates: 706 num_candidates_padded: 768 grid_size: 768 block_size: 256
duration (s): 0.278694
candidates with support: 503
num_candidates: 1786
num_candidates: 1786 num_candidates_padded: 1792 grid_size: 1792 block_size: 256
duration (s): 0.279233
candidates with support: 1241
num_candidates: 4140
num_candidates: 4140 num_candidates_padded: 4352 grid_size: 4352 block_size: 256
duration (s): 0.279467
candidates with support: 2886
num_candidates: 9216
num_candidates: 9216 num_candidates_padded: 9216 grid_size: 9216 block_size: 256
duration (s): 0.313691
candidates with support: 6397
num_candidates: 19682
num_candidates: 19682 num_candidates_padded: 19712 grid_size: 19712 block_size: 256
duration (s): 0.408436
candidates with support: 13464
num_candidates: 40066
num_candidates: 40066 num_candidates_padded: 40192 grid_size: 40192 block_size: 256
duration (s): 0.784587
candidates with support: 26558
datadriven refinement done, grid size: 51293
creating createOperationMultipleEval type: DEFAULT, using base operator factory
creating createOperationMultipleEval grid: ModLinear type: STREAMING subType: OCLFASTMP
OCL Info: 2 OpenCL platforms have been found
OCL Info: detected platform, name: "Intel(R) OpenCL"
OCL Info: detected platform vendor name: "Intel(R) Corporation"
OCL Info: detected platform, name: "NVIDIA CUDA"
OCL Info: detected platform vendor name: "NVIDIA Corporation"
OCL Info: using platform, name: "NVIDIA CUDA"
OCL Info: detected device, name: "GeForce GTX 1080 Ti"
OCL Info: using device, name: "GeForce GTX 1080 Ti"
OCL Info: detected device, name: "GeForce GTX 1080 Ti"
OCL Info: using device, name: "GeForce GTX 1080 Ti"
OCL Info: detected device, name: "GeForce GTX 1080 Ti"
OCL Info: using device, name: "GeForce GTX 1080 Ti"
OCL Info: detected device, name: "GeForce GTX 1080 Ti"
OCL Info: using device, name: "GeForce GTX 1080 Ti"
OCL Info: detected device, name: "GeForce GTX 1080 Ti"
OCL Info: using device, name: "GeForce GTX 1080 Ti"
OCL Info: detected device, name: "GeForce GTX 1080 Ti"
OCL Info: using device, name: "GeForce GTX 1080 Ti"
OCL Info: detected device, name: "GeForce GTX 1080 Ti"
OCL Info: detected device, name: "GeForce GTX 1080 Ti"
Starting Learning....

Doing refinement: 0
Grid Size: 51293
entering multTranspose, device: GeForce GTX 1080 Ti (0xaf04f0)
entering multTranspose, device: GeForce GTX 1080 Ti (0xaefcf0)
entering multTranspose, device: GeForce GTX 1080 Ti (0xaf1170)
entering multTranspose, device: GeForce GTX 1080 Ti (0xae7cb0)
entering multTranspose, device: GeForce GTX 1080 Ti (0xaf0730)
entering multTranspose, device: GeForce GTX 1080 Ti (0xaef4f0)
building with optimization flags: 
building with optimization flags: 
building with optimization flags: 
building with optimization flags: 
building with optimization flags: 
building with optimization flags: 
--- Begin Build Log ---


--- End Build Log ---
--- Begin Build Log ---


--- End Build Log ---
--- Begin Build Log ---


--- End Build Log ---
--- Begin Build Log ---


--- End Build Log ---
--- Begin Build Log ---


--- End Build Log ---
--- Begin Build Log ---


--- End Build Log ---
device: GeForce GTX 1080 Ti (0xaefcf0)  kernel from: 0 to: 51328 -> range: 51328 (with blocking: 51328)
device: GeForce GTX 1080 Ti (0xaefcf0) duration: 0.747431
duration multTranspose ocl: 0.96005
GeForce GTX 1080 Ti
GeForce GTX 1080 Ti
GeForce GTX 1080 Ti
GeForce GTX 1080 Ti
GeForce GTX 1080 Ti
GeForce GTX 1080 Ti
entering mult, device: GeForce GTX 1080 Ti (0xaefcf0)
entering mult, device: GeForce GTX 1080 Ti (0xaef4f0)
entering mult, device: GeForce GTX 1080 Ti (0xaf04f0)
entering mult, device: GeForce GTX 1080 Ti (0xaf1170)
entering mult, device: GeForce GTX 1080 Ti (0xaf0730)
entering mult, device: GeForce GTX 1080 Ti (0xae7cb0)
building with optimization flags: 
building with optimization flags: 
building with optimization flags: 
building with optimization flags: 
building with optimization flags: 
building with optimization flags: 
--- Begin Build Log ---


--- End Build Log ---
--- Begin Build Log ---


--- End Build Log ---
--- Begin Build Log ---


--- End Build Log ---
--- Begin Build Log ---


--- End Build Log ---
--- Begin Build Log ---


--- End Build Log ---
--- Begin Build Log ---


--- End Build Log ---
device: GeForce GTX 1080 Ti (0xaefcf0)  kernel from: 0 to: 62080 -> range: 62080 (with blocking: 62080)
device: GeForce GTX 1080 Ti (0xaf04f0)  kernel from: 310400 to: 371968 -> range: 61568 (with blocking: 61568)
device: GeForce GTX 1080 Ti (0xaf1170)  kernel from: 124160 to: 186240 -> range: 62080 (with blocking: 62080)
device: GeForce GTX 1080 Ti (0xaef4f0)  kernel from: 186240 to: 248320 -> range: 62080 (with blocking: 62080)
device: GeForce GTX 1080 Ti (0xae7cb0)  kernel from: 248320 to: 310400 -> range: 62080 (with blocking: 62080)
device: GeForce GTX 1080 Ti (0xaf0730)  kernel from: 62080 to: 124160 -> range: 62080 (with blocking: 62080)
device: GeForce GTX 1080 Ti (0xaefcf0) duration: 0.051718
device: GeForce GTX 1080 Ti (0xaf1170) duration: 0.0644598
device: GeForce GTX 1080 Ti (0xaf04f0) duration: 0.0642417
device: GeForce GTX 1080 Ti (0xaef4f0) duration: 0.0648837
device: GeForce GTX 1080 Ti (0xae7cb0) duration: 0.0650507
device: GeForce GTX 1080 Ti (0xaf0730) duration: 0.0657695
duration mult ocl: 0.302469
entering multTranspose, device: GeForce GTX 1080 Ti (0xaf04f0)
entering multTranspose, device: GeForce GTX 1080 Ti (0xaefcf0)
entering multTranspose, device: GeForce GTX 1080 Ti (0xaf1170)
entering multTranspose, device: GeForce GTX 1080 Ti (0xae7cb0)
entering multTranspose, device: GeForce GTX 1080 Ti (0xaef4f0)
entering multTranspose, device: GeForce GTX 1080 Ti (0xaf0730)
device: GeForce GTX 1080 Ti (0xaf04f0)  kernel from: 0 to: 51328 -> range: 51328 (with blocking: 51328)
device: GeForce GTX 1080 Ti (0xaf04f0) duration: 0.736212
duration multTranspose ocl: 0.751288
GeForce GTX 1080 Ti
GeForce GTX 1080 Ti
GeForce GTX 1080 Ti
GeForce GTX 1080 Ti
GeForce GTX 1080 Ti
GeForce GTX 1080 Ti
entering mult, device: GeForce GTX 1080 Ti (0xaf04f0)
entering mult, device: GeForce GTX 1080 Ti (0xaef4f0)
entering mult, device: GeForce GTX 1080 Ti (0xaf0730)
entering mult, device: GeForce GTX 1080 Ti (0xaefcf0)
entering mult, device: GeForce GTX 1080 Ti (0xaf1170)
entering mult, device: GeForce GTX 1080 Ti (0xae7cb0)
device: GeForce GTX 1080 Ti (0xaf0730)  kernel from: 62080 to: 124160 -> range: 62080 (with blocking: 62080)
device: GeForce GTX 1080 Ti (0xaef4f0)  kernel from: 186240 to: 248320 -> range: 62080 (with blocking: 62080)
device: GeForce GTX 1080 Ti (0xae7cb0)  kernel from: 124160 to: 186240 -> range: 62080 (with blocking: 62080)
device: GeForce GTX 1080 Ti (0xaefcf0)  kernel from: 248320 to: 310400 -> range: 62080 (with blocking: 62080)
device: GeForce GTX 1080 Ti (0xaf04f0)  kernel from: 310400 to: 371968 -> range: 61568 (with blocking: 61568)
device: GeForce GTX 1080 Ti (0xaf1170)  kernel from: 0 to: 62080 -> range: 62080 (with blocking: 62080)
device: GeForce GTX 1080 Ti (0xaf04f0) duration: 0.0513935
device: GeForce GTX 1080 Ti (0xaefcf0) duration: 0.0513894
device: GeForce GTX 1080 Ti (0xaf1170) duration: 0.0644383
device: GeForce GTX 1080 Ti (0xae7cb0) duration: 0.0651232
device: GeForce GTX 1080 Ti (0xaf0730) duration: 0.0657685
device: GeForce GTX 1080 Ti (0xaef4f0) duration: 0.0657921
duration mult ocl: 0.0741028
entering multTranspose, device: GeForce GTX 1080 Ti (0xaef4f0)
entering multTranspose, device: GeForce GTX 1080 Ti (0xaf0730)
entering multTranspose, device: GeForce GTX 1080 Ti (0xaefcf0)
entering multTranspose, device: GeForce GTX 1080 Ti (0xaf1170)
entering multTranspose, device: GeForce GTX 1080 Ti (0xaf04f0)
entering multTranspose, device: GeForce GTX 1080 Ti (0xae7cb0)
device: GeForce GTX 1080 Ti (0xaef4f0)  kernel from: 0 to: 51328 -> range: 51328 (with blocking: 51328)
device: GeForce GTX 1080 Ti (0xaef4f0) duration: 0.736488
duration multTranspose ocl: 0.751316
GeForce GTX 1080 Ti
GeForce GTX 1080 Ti
GeForce GTX 1080 Ti
GeForce GTX 1080 Ti
GeForce GTX 1080 Ti
GeForce GTX 1080 Ti
entering mult, device: GeForce GTX 1080 Ti (0xaef4f0)
entering mult, device: GeForce GTX 1080 Ti (0xaf04f0)
entering mult, device: GeForce GTX 1080 Ti (0xaefcf0)
entering mult, device: GeForce GTX 1080 Ti (0xae7cb0)
entering mult, device: GeForce GTX 1080 Ti (0xaf0730)
entering mult, device: GeForce GTX 1080 Ti (0xaf1170)
device: GeForce GTX 1080 Ti (0xae7cb0)  kernel from: 0 to: 62080 -> range: 62080 (with blocking: 62080)
device: GeForce GTX 1080 Ti (0xaf0730)  kernel from: 62080 to: 124160 -> range: 62080 (with blocking: 62080)
device: GeForce GTX 1080 Ti (0xaefcf0)  kernel from: 124160 to: 186240 -> range: 62080 (with blocking: 62080)
device: GeForce GTX 1080 Ti (0xaf1170)  kernel from: 248320 to: 310400 -> range: 62080 (with blocking: 62080)
device: GeForce GTX 1080 Ti (0xaef4f0)  kernel from: 310400 to: 371968 -> range: 61568 (with blocking: 61568)
device: GeForce GTX 1080 Ti (0xaf04f0)  kernel from: 186240 to: 248320 -> range: 62080 (with blocking: 62080)
device: GeForce GTX 1080 Ti (0xaefcf0) duration: 0.0517202
device: GeForce GTX 1080 Ti (0xaef4f0) duration: 0.0516598
device: GeForce GTX 1080 Ti (0xaf04f0) duration: 0.0513905
device: GeForce GTX 1080 Ti (0xae7cb0) duration: 0.0647987
device: GeForce GTX 1080 Ti (0xaf1170) duration: 0.0644219
device: GeForce GTX 1080 Ti (0xaf0730) duration: 0.0657848
duration mult ocl: 0.0811398
entering multTranspose, device: GeForce GTX 1080 Ti (0xaf0730)
entering multTranspose, device: GeForce GTX 1080 Ti (0xaf04f0)
entering multTranspose, device: GeForce GTX 1080 Ti (0xaef4f0)
entering multTranspose, device: GeForce GTX 1080 Ti (0xaf1170)
entering multTranspose, device: GeForce GTX 1080 Ti (0xaefcf0)
entering multTranspose, device: GeForce GTX 1080 Ti (0xae7cb0)
device: GeForce GTX 1080 Ti (0xaf1170)  kernel from: 0 to: 51328 -> range: 51328 (with blocking: 51328)
device: GeForce GTX 1080 Ti (0xaf1170) duration: 0.743807
duration multTranspose ocl: 0.759968
GeForce GTX 1080 Ti
GeForce GTX 1080 Ti
GeForce GTX 1080 Ti
GeForce GTX 1080 Ti
GeForce GTX 1080 Ti
GeForce GTX 1080 Ti
entering mult, device: GeForce GTX 1080 Ti (0xaf1170)
entering mult, device: GeForce GTX 1080 Ti (0xaefcf0)
entering mult, device: GeForce GTX 1080 Ti (0xaf0730)
entering mult, device: GeForce GTX 1080 Ti (0xaef4f0)
entering mult, device: GeForce GTX 1080 Ti (0xaf04f0)
entering mult, device: GeForce GTX 1080 Ti (0xae7cb0)
device: GeForce GTX 1080 Ti (0xaf1170)  kernel from: 0 to: 62080 -> range: 62080 (with blocking: 62080)
device: GeForce GTX 1080 Ti (0xaf0730)  kernel from: 62080 to: 124160 -> range: 62080 (with blocking: 62080)
device: GeForce GTX 1080 Ti (0xaef4f0)  kernel from: 186240 to: 248320 -> range: 62080 (with blocking: 62080)
device: GeForce GTX 1080 Ti (0xae7cb0)  kernel from: 248320 to: 310400 -> range: 62080 (with blocking: 62080)
device: GeForce GTX 1080 Ti (0xaefcf0)  kernel from: 310400 to: 371968 -> range: 61568 (with blocking: 61568)
device: GeForce GTX 1080 Ti (0xaf04f0)  kernel from: 124160 to: 186240 -> range: 62080 (with blocking: 62080)
device: GeForce GTX 1080 Ti (0xaf1170) duration: 0.0524093
device: GeForce GTX 1080 Ti (0xaf04f0) duration: 0.0514222
device: GeForce GTX 1080 Ti (0xaef4f0) duration: 0.0516444
device: GeForce GTX 1080 Ti (0xaefcf0) duration: 0.0612321
device: GeForce GTX 1080 Ti (0xae7cb0) duration: 0.0647475
device: GeForce GTX 1080 Ti (0xaf0730) duration: 0.0657623
duration mult ocl: 0.0813989
entering multTranspose, device: GeForce GTX 1080 Ti (0xaf04f0)
entering multTranspose, device: GeForce GTX 1080 Ti (0xaefcf0)
entering multTranspose, device: GeForce GTX 1080 Ti (0xae7cb0)
entering multTranspose, device: GeForce GTX 1080 Ti (0xaef4f0)
entering multTranspose, device: GeForce GTX 1080 Ti (0xaf0730)
entering multTranspose, device: GeForce GTX 1080 Ti (0xaf1170)
device: GeForce GTX 1080 Ti (0xaf0730)  kernel from: 0 to: 51328 -> range: 51328 (with blocking: 51328)
device: GeForce GTX 1080 Ti (0xaf0730) duration: 0.753894
duration multTranspose ocl: 0.770074
GeForce GTX 1080 Ti
GeForce GTX 1080 Ti
GeForce GTX 1080 Ti
GeForce GTX 1080 Ti
GeForce GTX 1080 Ti
GeForce GTX 1080 Ti
entering mult, device: GeForce GTX 1080 Ti (0xaf0730)
entering mult, device: GeForce GTX 1080 Ti (0xaefcf0)
entering mult, device: GeForce GTX 1080 Ti (0xae7cb0)
entering mult, device: GeForce GTX 1080 Ti (0xaef4f0)
entering mult, device: GeForce GTX 1080 Ti (0xaf1170)
entering mult, device: GeForce GTX 1080 Ti (0xaf04f0)
device: GeForce GTX 1080 Ti (0xae7cb0)  kernel from: 124160 to: 186240 -> range: 62080 (with blocking: 62080)
device: GeForce GTX 1080 Ti (0xaf0730)  kernel from: 248320 to: 310400 -> range: 62080 (with blocking: 62080)
device: GeForce GTX 1080 Ti (0xaef4f0)  kernel from: 62080 to: 124160 -> range: 62080 (with blocking: 62080)
device: GeForce GTX 1080 Ti (0xaf04f0)  kernel from: 186240 to: 248320 -> range: 62080 (with blocking: 62080)
device: GeForce GTX 1080 Ti (0xaefcf0)  kernel from: 310400 to: 371968 -> range: 61568 (with blocking: 61568)
device: GeForce GTX 1080 Ti (0xaf1170)  kernel from: 0 to: 62080 -> range: 62080 (with blocking: 62080)
device: GeForce GTX 1080 Ti (0xaf0730) duration: 0.0509593
device: GeForce GTX 1080 Ti (0xaef4f0) duration: 0.0516791
device: GeForce GTX 1080 Ti (0xaf04f0) duration: 0.0514365
device: GeForce GTX 1080 Ti (0xaf1170) duration: 0.05235
device: GeForce GTX 1080 Ti (0xaefcf0) duration: 0.0608358
device: GeForce GTX 1080 Ti (0xae7cb0) duration: 0.0647731
duration mult ocl: 0.0720169
entering multTranspose, device: GeForce GTX 1080 Ti (0xaf04f0)
entering multTranspose, device: GeForce GTX 1080 Ti (0xaef4f0)
entering multTranspose, device: GeForce GTX 1080 Ti (0xaf1170)
entering multTranspose, device: GeForce GTX 1080 Ti (0xaefcf0)
entering multTranspose, device: GeForce GTX 1080 Ti (0xae7cb0)
entering multTranspose, device: GeForce GTX 1080 Ti (0xaf0730)
device: GeForce GTX 1080 Ti (0xaefcf0)  kernel from: 0 to: 51328 -> range: 51328 (with blocking: 51328)
device: GeForce GTX 1080 Ti (0xaefcf0) duration: 0.738514
duration multTranspose ocl: 0.746284
GeForce GTX 1080 Ti
GeForce GTX 1080 Ti
GeForce GTX 1080 Ti
GeForce GTX 1080 Ti
GeForce GTX 1080 Ti
GeForce GTX 1080 Ti
entering mult, device: GeForce GTX 1080 Ti (0xaf0730)
entering mult, device: GeForce GTX 1080 Ti (0xaefcf0)
entering mult, device: GeForce GTX 1080 Ti (0xae7cb0)
entering mult, device: GeForce GTX 1080 Ti (0xaef4f0)
entering mult, device: GeForce GTX 1080 Ti (0xaf1170)
entering mult, device: GeForce GTX 1080 Ti (0xaf04f0)
device: GeForce GTX 1080 Ti (0xaefcf0)  kernel from: 62080 to: 124160 -> range: 62080 (with blocking: 62080)
device: GeForce GTX 1080 Ti (0xae7cb0)  kernel from: 310400 to: 371968 -> range: 61568 (with blocking: 61568)
device: GeForce GTX 1080 Ti (0xaf04f0)  kernel from: 248320 to: 310400 -> range: 62080 (with blocking: 62080)
device: GeForce GTX 1080 Ti (0xaef4f0)  kernel from: 124160 to: 186240 -> range: 62080 (with blocking: 62080)
device: GeForce GTX 1080 Ti (0xaf1170)  kernel from: 0 to: 62080 -> range: 62080 (with blocking: 62080)
device: GeForce GTX 1080 Ti (0xaf0730)  kernel from: 186240 to: 248320 -> range: 62080 (with blocking: 62080)
device: GeForce GTX 1080 Ti (0xaf0730) duration: 0.0509676
device: GeForce GTX 1080 Ti (0xaef4f0) duration: 0.0516383
device: GeForce GTX 1080 Ti (0xaefcf0) duration: 0.0517181
device: GeForce GTX 1080 Ti (0xaf1170) duration: 0.0523233
device: GeForce GTX 1080 Ti (0xaf04f0) duration: 0.0621957
device: GeForce GTX 1080 Ti (0xae7cb0) duration: 0.0647444
duration mult ocl: 0.0786873
entering multTranspose, device: GeForce GTX 1080 Ti (0xaf0730)
entering multTranspose, device: GeForce GTX 1080 Ti (0xae7cb0)
entering multTranspose, device: GeForce GTX 1080 Ti (0xaef4f0)
entering multTranspose, device: GeForce GTX 1080 Ti (0xaf04f0)
entering multTranspose, device: GeForce GTX 1080 Ti (0xaefcf0)
entering multTranspose, device: GeForce GTX 1080 Ti (0xaf1170)
device: GeForce GTX 1080 Ti (0xaf0730)  kernel from: 0 to: 51328 -> range: 51328 (with blocking: 51328)
device: GeForce GTX 1080 Ti (0xaf0730) duration: 0.706641
duration multTranspose ocl: 0.712418
GeForce GTX 1080 Ti
GeForce GTX 1080 Ti
GeForce GTX 1080 Ti
GeForce GTX 1080 Ti
GeForce GTX 1080 Ti
GeForce GTX 1080 Ti
entering mult, device: GeForce GTX 1080 Ti (0xaf0730)
entering mult, device: GeForce GTX 1080 Ti (0xaef4f0)
entering mult, device: GeForce GTX 1080 Ti (0xaf1170)
entering mult, device: GeForce GTX 1080 Ti (0xae7cb0)
entering mult, device: GeForce GTX 1080 Ti (0xaefcf0)
entering mult, device: GeForce GTX 1080 Ti (0xaf04f0)
device: GeForce GTX 1080 Ti (0xaf0730)  kernel from: 0 to: 62080 -> range: 62080 (with blocking: 62080)
device: GeForce GTX 1080 Ti (0xaf1170)  kernel from: 248320 to: 310400 -> range: 62080 (with blocking: 62080)
device: GeForce GTX 1080 Ti (0xae7cb0)  kernel from: 186240 to: 248320 -> range: 62080 (with blocking: 62080)
device: GeForce GTX 1080 Ti (0xaef4f0)  kernel from: 62080 to: 124160 -> range: 62080 (with blocking: 62080)
device: GeForce GTX 1080 Ti (0xaf04f0)  kernel from: 124160 to: 186240 -> range: 62080 (with blocking: 62080)
device: GeForce GTX 1080 Ti (0xaefcf0)  kernel from: 310400 to: 371968 -> range: 61568 (with blocking: 61568)
device: GeForce GTX 1080 Ti (0xaf0730) duration: 0.0510084
device: GeForce GTX 1080 Ti (0xaefcf0) duration: 0.0513997
device: GeForce GTX 1080 Ti (0xaf1170) duration: 0.0523192
device: GeForce GTX 1080 Ti (0xaef4f0) duration: 0.060672
device: GeForce GTX 1080 Ti (0xaf04f0) duration: 0.062207
device: GeForce GTX 1080 Ti (0xae7cb0) duration: 0.0647229
duration mult ocl: 0.0811882
entering multTranspose, device: GeForce GTX 1080 Ti (0xaef4f0)
entering multTranspose, device: GeForce GTX 1080 Ti (0xae7cb0)
entering multTranspose, device: GeForce GTX 1080 Ti (0xaf1170)
entering multTranspose, device: GeForce GTX 1080 Ti (0xaefcf0)
entering multTranspose, device: GeForce GTX 1080 Ti (0xaf0730)
entering multTranspose, device: GeForce GTX 1080 Ti (0xaf04f0)
device: GeForce GTX 1080 Ti (0xaf1170)  kernel from: 0 to: 51328 -> range: 51328 (with blocking: 51328)
device: GeForce GTX 1080 Ti (0xaf1170) duration: 0.717371
duration multTranspose ocl: 0.72468
GeForce GTX 1080 Ti
GeForce GTX 1080 Ti
GeForce GTX 1080 Ti
GeForce GTX 1080 Ti
GeForce GTX 1080 Ti
GeForce GTX 1080 Ti
entering mult, device: GeForce GTX 1080 Ti (0xaf1170)
entering mult, device: GeForce GTX 1080 Ti (0xae7cb0)
entering mult, device: GeForce GTX 1080 Ti (0xaef4f0)
entering mult, device: GeForce GTX 1080 Ti (0xaf0730)
entering mult, device: GeForce GTX 1080 Ti (0xaefcf0)
entering mult, device: GeForce GTX 1080 Ti (0xaf04f0)
device: GeForce GTX 1080 Ti (0xaef4f0)  kernel from: 0 to: 62080 -> range: 62080 (with blocking: 62080)
device: GeForce GTX 1080 Ti (0xaf1170)  kernel from: 62080 to: 124160 -> range: 62080 (with blocking: 62080)
device: GeForce GTX 1080 Ti (0xaf04f0)  kernel from: 186240 to: 248320 -> range: 62080 (with blocking: 62080)
device: GeForce GTX 1080 Ti (0xaefcf0)  kernel from: 310400 to: 371968 -> range: 61568 (with blocking: 61568)
device: GeForce GTX 1080 Ti (0xae7cb0)  kernel from: 124160 to: 186240 -> range: 62080 (with blocking: 62080)
device: GeForce GTX 1080 Ti (0xaf0730)  kernel from: 248320 to: 310400 -> range: 62080 (with blocking: 62080)
device: GeForce GTX 1080 Ti (0xaf0730) duration: 0.0509541
device: GeForce GTX 1080 Ti (0xaefcf0) duration: 0.0513772
device: GeForce GTX 1080 Ti (0xaf1170) duration: 0.0523571
device: GeForce GTX 1080 Ti (0xaef4f0) duration: 0.0610314
device: GeForce GTX 1080 Ti (0xaf04f0) duration: 0.0626503
device: GeForce GTX 1080 Ti (0xae7cb0) duration: 0.0647393
duration mult ocl: 0.0724389
entering multTranspose, device: GeForce GTX 1080 Ti (0xaf0730)
entering multTranspose, device: GeForce GTX 1080 Ti (0xaefcf0)
entering multTranspose, device: GeForce GTX 1080 Ti (0xae7cb0)
entering multTranspose, device: GeForce GTX 1080 Ti (0xaef4f0)
entering multTranspose, device: GeForce GTX 1080 Ti (0xaf04f0)
entering multTranspose, device: GeForce GTX 1080 Ti (0xaf1170)
device: GeForce GTX 1080 Ti (0xaf04f0)  kernel from: 0 to: 51328 -> range: 51328 (with blocking: 51328)
device: GeForce GTX 1080 Ti (0xaf04f0) duration: 0.729357
duration multTranspose ocl: 0.735931
GeForce GTX 1080 Ti
GeForce GTX 1080 Ti
GeForce GTX 1080 Ti
GeForce GTX 1080 Ti
GeForce GTX 1080 Ti
GeForce GTX 1080 Ti
entering mult, device: GeForce GTX 1080 Ti (0xaf04f0)
entering mult, device: GeForce GTX 1080 Ti (0xaefcf0)
entering mult, device: GeForce GTX 1080 Ti (0xaf0730)
entering mult, device: GeForce GTX 1080 Ti (0xaef4f0)
entering mult, device: GeForce GTX 1080 Ti (0xaf1170)
entering mult, device: GeForce GTX 1080 Ti (0xae7cb0)
device: GeForce GTX 1080 Ti (0xaef4f0)  kernel from: 0 to: 62080 -> range: 62080 (with blocking: 62080)
device: GeForce GTX 1080 Ti (0xae7cb0)  kernel from: 124160 to: 186240 -> range: 62080 (with blocking: 62080)
device: GeForce GTX 1080 Ti (0xaefcf0)  kernel from: 310400 to: 371968 -> range: 61568 (with blocking: 61568)
device: GeForce GTX 1080 Ti (0xaf1170)  kernel from: 186240 to: 248320 -> range: 62080 (with blocking: 62080)
device: GeForce GTX 1080 Ti (0xaf0730)  kernel from: 248320 to: 310400 -> range: 62080 (with blocking: 62080)
device: GeForce GTX 1080 Ti (0xaf04f0)  kernel from: 62080 to: 124160 -> range: 62080 (with blocking: 62080)
device: GeForce GTX 1080 Ti (0xaf0730) duration: 0.0509635
device: GeForce GTX 1080 Ti (0xaf1170) duration: 0.0520109
device: GeForce GTX 1080 Ti (0xaf04f0) duration: 0.0514089
device: GeForce GTX 1080 Ti (0xaefcf0) duration: 0.0517222
device: GeForce GTX 1080 Ti (0xaef4f0) duration: 0.0610867
device: GeForce GTX 1080 Ti (0xae7cb0) duration: 0.0647781
duration mult ocl: 0.0720359
entering multTranspose, device: GeForce GTX 1080 Ti (0xaf0730)
entering multTranspose, device: GeForce GTX 1080 Ti (0xaefcf0)
entering multTranspose, device: GeForce GTX 1080 Ti (0xaf04f0)
entering multTranspose, device: GeForce GTX 1080 Ti (0xaf1170)
entering multTranspose, device: GeForce GTX 1080 Ti (0xaef4f0)
entering multTranspose, device: GeForce GTX 1080 Ti (0xae7cb0)
device: GeForce GTX 1080 Ti (0xaefcf0)  kernel from: 0 to: 51328 -> range: 51328 (with blocking: 51328)
device: GeForce GTX 1080 Ti (0xaefcf0) duration: 0.713115
duration multTranspose ocl: 0.71966
GeForce GTX 1080 Ti
GeForce GTX 1080 Ti
GeForce GTX 1080 Ti
GeForce GTX 1080 Ti
GeForce GTX 1080 Ti
GeForce GTX 1080 Ti
entering mult, device: GeForce GTX 1080 Ti (0xaefcf0)
entering mult, device: GeForce GTX 1080 Ti (0xaf04f0)
entering mult, device: GeForce GTX 1080 Ti (0xaf0730)
entering mult, device: GeForce GTX 1080 Ti (0xaef4f0)
entering mult, device: GeForce GTX 1080 Ti (0xae7cb0)
entering mult, device: GeForce GTX 1080 Ti (0xaf1170)
device: GeForce GTX 1080 Ti (0xaf1170)  kernel from: 0 to: 62080 -> range: 62080 (with blocking: 62080)
device: GeForce GTX 1080 Ti (0xaef4f0)  kernel from: 310400 to: 371968 -> range: 61568 (with blocking: 61568)
device: GeForce GTX 1080 Ti (0xaefcf0)  kernel from: 124160 to: 186240 -> range: 62080 (with blocking: 62080)
device: GeForce GTX 1080 Ti (0xaf04f0)  kernel from: 248320 to: 310400 -> range: 62080 (with blocking: 62080)
device: GeForce GTX 1080 Ti (0xaf0730)  kernel from: 186240 to: 248320 -> range: 62080 (with blocking: 62080)
device: GeForce GTX 1080 Ti (0xae7cb0)  kernel from: 62080 to: 124160 -> range: 62080 (with blocking: 62080)
device: GeForce GTX 1080 Ti (0xaf04f0) duration: 0.0513946
device: GeForce GTX 1080 Ti (0xaf0730) duration: 0.0514089
device: GeForce GTX 1080 Ti (0xaefcf0) duration: 0.0513792
device: GeForce GTX 1080 Ti (0xaf1170) duration: 0.0523622
device: GeForce GTX 1080 Ti (0xaef4f0) duration: 0.0606413
device: GeForce GTX 1080 Ti (0xae7cb0) duration: 0.0647578
duration mult ocl: 0.0827009
entering multTranspose, device: GeForce GTX 1080 Ti (0xaef4f0)
entering multTranspose, device: GeForce GTX 1080 Ti (0xae7cb0)
entering multTranspose, device: GeForce GTX 1080 Ti (0xaf04f0)
entering multTranspose, device: GeForce GTX 1080 Ti (0xaf0730)
entering multTranspose, device: GeForce GTX 1080 Ti (0xaf1170)
entering multTranspose, device: GeForce GTX 1080 Ti (0xaefcf0)
device: GeForce GTX 1080 Ti (0xaf1170)  kernel from: 0 to: 51328 -> range: 51328 (with blocking: 51328)
device: GeForce GTX 1080 Ti (0xaf1170) duration: 0.718814
duration multTranspose ocl: 0.724706
GeForce GTX 1080 Ti
GeForce GTX 1080 Ti
GeForce GTX 1080 Ti
GeForce GTX 1080 Ti
GeForce GTX 1080 Ti
GeForce GTX 1080 Ti
entering mult, device: GeForce GTX 1080 Ti (0xaf1170)
entering mult, device: GeForce GTX 1080 Ti (0xaf04f0)
entering mult, device: GeForce GTX 1080 Ti (0xaf0730)
entering mult, device: GeForce GTX 1080 Ti (0xaef4f0)
entering mult, device: GeForce GTX 1080 Ti (0xae7cb0)
entering mult, device: GeForce GTX 1080 Ti (0xaefcf0)
device: GeForce GTX 1080 Ti (0xaf1170)  kernel from: 0 to: 62080 -> range: 62080 (with blocking: 62080)
device: GeForce GTX 1080 Ti (0xae7cb0)  kernel from: 62080 to: 124160 -> range: 62080 (with blocking: 62080)
device: GeForce GTX 1080 Ti (0xaef4f0)  kernel from: 248320 to: 310400 -> range: 62080 (with blocking: 62080)
device: GeForce GTX 1080 Ti (0xaefcf0)  kernel from: 310400 to: 371968 -> range: 61568 (with blocking: 61568)
device: GeForce GTX 1080 Ti (0xaf0730)  kernel from: 186240 to: 248320 -> range: 62080 (with blocking: 62080)
device: GeForce GTX 1080 Ti (0xaf04f0)  kernel from: 124160 to: 186240 -> range: 62080 (with blocking: 62080)
device: GeForce GTX 1080 Ti (0xaefcf0) duration: 0.0513823
device: GeForce GTX 1080 Ti (0xaf1170) duration: 0.0523684
device: GeForce GTX 1080 Ti (0xaf04f0) duration: 0.0521021
device: GeForce GTX 1080 Ti (0xaef4f0) duration: 0.0606822
device: GeForce GTX 1080 Ti (0xaf0730) duration: 0.0622745
device: GeForce GTX 1080 Ti (0xae7cb0) duration: 0.0650906
duration mult ocl: 0.0794027
entering multTranspose, device: GeForce GTX 1080 Ti (0xaf04f0)
entering multTranspose, device: GeForce GTX 1080 Ti (0xaef4f0)
entering multTranspose, device: GeForce GTX 1080 Ti (0xae7cb0)
entering multTranspose, device: GeForce GTX 1080 Ti (0xaf1170)
entering multTranspose, device: GeForce GTX 1080 Ti (0xaf0730)
entering multTranspose, device: GeForce GTX 1080 Ti (0xaefcf0)
device: GeForce GTX 1080 Ti (0xaef4f0)  kernel from: 0 to: 51328 -> range: 51328 (with blocking: 51328)
device: GeForce GTX 1080 Ti (0xaef4f0) duration: 0.731537
duration multTranspose ocl: 0.73828
GeForce GTX 1080 Ti
GeForce GTX 1080 Ti
GeForce GTX 1080 Ti
GeForce GTX 1080 Ti
GeForce GTX 1080 Ti
GeForce GTX 1080 Ti
entering mult, device: GeForce GTX 1080 Ti (0xaef4f0)
entering mult, device: GeForce GTX 1080 Ti (0xaf04f0)
entering mult, device: GeForce GTX 1080 Ti (0xaf1170)
entering mult, device: GeForce GTX 1080 Ti (0xae7cb0)
entering mult, device: GeForce GTX 1080 Ti (0xaefcf0)
entering mult, device: GeForce GTX 1080 Ti (0xaf0730)
device: GeForce GTX 1080 Ti (0xae7cb0)  kernel from: 62080 to: 124160 -> range: 62080 (with blocking: 62080)
device: GeForce GTX 1080 Ti (0xaef4f0)  kernel from: 310400 to: 371968 -> range: 61568 (with blocking: 61568)
device: GeForce GTX 1080 Ti (0xaf0730)  kernel from: 248320 to: 310400 -> range: 62080 (with blocking: 62080)
device: GeForce GTX 1080 Ti (0xaf1170)  kernel from: 124160 to: 186240 -> range: 62080 (with blocking: 62080)
device: GeForce GTX 1080 Ti (0xaf04f0)  kernel from: 186240 to: 248320 -> range: 62080 (with blocking: 62080)
device: GeForce GTX 1080 Ti (0xaefcf0)  kernel from: 0 to: 62080 -> range: 62080 (with blocking: 62080)
device: GeForce GTX 1080 Ti (0xaf04f0) duration: 0.0513894
device: GeForce GTX 1080 Ti (0xaef4f0) duration: 0.0512799
device: GeForce GTX 1080 Ti (0xaf1170) duration: 0.0523633
device: GeForce GTX 1080 Ti (0xaefcf0) duration: 0.0517222
device: GeForce GTX 1080 Ti (0xaf0730) duration: 0.0626432
device: GeForce GTX 1080 Ti (0xae7cb0) duration: 0.0650771
duration mult ocl: 0.0782391
entering multTranspose, device: GeForce GTX 1080 Ti (0xaef4f0)
entering multTranspose, device: GeForce GTX 1080 Ti (0xaefcf0)
entering multTranspose, device: GeForce GTX 1080 Ti (0xaf04f0)
entering multTranspose, device: GeForce GTX 1080 Ti (0xae7cb0)
entering multTranspose, device: GeForce GTX 1080 Ti (0xaf0730)
entering multTranspose, device: GeForce GTX 1080 Ti (0xaf1170)
device: GeForce GTX 1080 Ti (0xaf0730)  kernel from: 0 to: 51328 -> range: 51328 (with blocking: 51328)
device: GeForce GTX 1080 Ti (0xaf0730) duration: 0.730982
duration multTranspose ocl: 0.736928
GeForce GTX 1080 Ti
GeForce GTX 1080 Ti
GeForce GTX 1080 Ti
GeForce GTX 1080 Ti
GeForce GTX 1080 Ti
GeForce GTX 1080 Ti
entering mult, device: GeForce GTX 1080 Ti (0xaf0730)
entering mult, device: GeForce GTX 1080 Ti (0xaef4f0)
entering mult, device: GeForce GTX 1080 Ti (0xaf04f0)
entering mult, device: GeForce GTX 1080 Ti (0xae7cb0)
entering mult, device: GeForce GTX 1080 Ti (0xaf1170)
entering mult, device: GeForce GTX 1080 Ti (0xaefcf0)
device: GeForce GTX 1080 Ti (0xae7cb0)  kernel from: 62080 to: 124160 -> range: 62080 (with blocking: 62080)
device: GeForce GTX 1080 Ti (0xaef4f0)  kernel from: 0 to: 62080 -> range: 62080 (with blocking: 62080)
device: GeForce GTX 1080 Ti (0xaf0730)  kernel from: 124160 to: 186240 -> range: 62080 (with blocking: 62080)
device: GeForce GTX 1080 Ti (0xaf04f0)  kernel from: 186240 to: 248320 -> range: 62080 (with blocking: 62080)
device: GeForce GTX 1080 Ti (0xaefcf0)  kernel from: 310400 to: 371968 -> range: 61568 (with blocking: 61568)
device: GeForce GTX 1080 Ti (0xaf1170)  kernel from: 248320 to: 310400 -> range: 62080 (with blocking: 62080)
device: GeForce GTX 1080 Ti (0xaf0730) duration: 0.0509747
device: GeForce GTX 1080 Ti (0xaf04f0) duration: 0.0513997
device: GeForce GTX 1080 Ti (0xaefcf0) duration: 0.0513782
device: GeForce GTX 1080 Ti (0xaef4f0) duration: 0.0516721
device: GeForce GTX 1080 Ti (0xaf1170) duration: 0.0520243
device: GeForce GTX 1080 Ti (0xae7cb0) duration: 0.0650947
duration mult ocl: 0.079275
entering multTranspose, device: GeForce GTX 1080 Ti (0xaef4f0)
entering multTranspose, device: GeForce GTX 1080 Ti (0xae7cb0)
entering multTranspose, device: GeForce GTX 1080 Ti (0xaf04f0)
entering multTranspose, device: GeForce GTX 1080 Ti (0xaefcf0)
entering multTranspose, device: GeForce GTX 1080 Ti (0xaf1170)
entering multTranspose, device: GeForce GTX 1080 Ti (0xaf0730)
device: GeForce GTX 1080 Ti (0xaefcf0)  kernel from: 0 to: 51328 -> range: 51328 (with blocking: 51328)
device: GeForce GTX 1080 Ti (0xaefcf0) duration: 0.713553
duration multTranspose ocl: 0.718819
GeForce GTX 1080 Ti
GeForce GTX 1080 Ti
GeForce GTX 1080 Ti
GeForce GTX 1080 Ti
GeForce GTX 1080 Ti
GeForce GTX 1080 Ti
entering mult, device: GeForce GTX 1080 Ti (0xaefcf0)
entering mult, device: GeForce GTX 1080 Ti (0xaf0730)
entering mult, device: GeForce GTX 1080 Ti (0xaef4f0)
entering mult, device: GeForce GTX 1080 Ti (0xae7cb0)
entering mult, device: GeForce GTX 1080 Ti (0xaf1170)
entering mult, device: GeForce GTX 1080 Ti (0xaf04f0)
device: GeForce GTX 1080 Ti (0xaef4f0)  kernel from: 62080 to: 124160 -> range: 62080 (with blocking: 62080)
device: GeForce GTX 1080 Ti (0xaf0730)  kernel from: 310400 to: 371968 -> range: 61568 (with blocking: 61568)
device: GeForce GTX 1080 Ti (0xae7cb0)  kernel from: 186240 to: 248320 -> range: 62080 (with blocking: 62080)
device: GeForce GTX 1080 Ti (0xaefcf0)  kernel from: 0 to: 62080 -> range: 62080 (with blocking: 62080)
device: GeForce GTX 1080 Ti (0xaf1170)  kernel from: 124160 to: 186240 -> range: 62080 (with blocking: 62080)
device: GeForce GTX 1080 Ti (0xaf04f0)  kernel from: 248320 to: 310400 -> range: 62080 (with blocking: 62080)
device: GeForce GTX 1080 Ti (0xaf0730) duration: 0.0509563
device: GeForce GTX 1080 Ti (0xaf04f0) duration: 0.0513946
device: GeForce GTX 1080 Ti (0xaf1170) duration: 0.0520212
device: GeForce GTX 1080 Ti (0xaef4f0) duration: 0.0519885
device: GeForce GTX 1080 Ti (0xaefcf0) duration: 0.0517161
device: GeForce GTX 1080 Ti (0xae7cb0) duration: 0.0650988
duration mult ocl: 0.0772879
entering multTranspose, device: GeForce GTX 1080 Ti (0xaef4f0)
entering multTranspose, device: GeForce GTX 1080 Ti (0xaf0730)
entering multTranspose, device: GeForce GTX 1080 Ti (0xaf1170)
entering multTranspose, device: GeForce GTX 1080 Ti (0xaf04f0)
entering multTranspose, device: GeForce GTX 1080 Ti (0xaefcf0)
entering multTranspose, device: GeForce GTX 1080 Ti (0xae7cb0)
device: GeForce GTX 1080 Ti (0xaefcf0)  kernel from: 0 to: 51328 -> range: 51328 (with blocking: 51328)
device: GeForce GTX 1080 Ti (0xaefcf0) duration: 0.713651
duration multTranspose ocl: 0.718316
GeForce GTX 1080 Ti
GeForce GTX 1080 Ti
GeForce GTX 1080 Ti
GeForce GTX 1080 Ti
GeForce GTX 1080 Ti
GeForce GTX 1080 Ti
entering mult, device: GeForce GTX 1080 Ti (0xaefcf0)
entering mult, device: GeForce GTX 1080 Ti (0xaef4f0)
entering mult, device: GeForce GTX 1080 Ti (0xae7cb0)
entering mult, device: GeForce GTX 1080 Ti (0xaf0730)
entering mult, device: GeForce GTX 1080 Ti (0xaf1170)
entering mult, device: GeForce GTX 1080 Ti (0xaf04f0)
device: GeForce GTX 1080 Ti (0xaefcf0)  kernel from: 0 to: 62080 -> range: 62080 (with blocking: 62080)
device: GeForce GTX 1080 Ti (0xaef4f0)  kernel from: 124160 to: 186240 -> range: 62080 (with blocking: 62080)
device: GeForce GTX 1080 Ti (0xaf0730)  kernel from: 186240 to: 248320 -> range: 62080 (with blocking: 62080)
device: GeForce GTX 1080 Ti (0xaf1170)  kernel from: 62080 to: 124160 -> range: 62080 (with blocking: 62080)
device: GeForce GTX 1080 Ti (0xae7cb0)  kernel from: 310400 to: 371968 -> range: 61568 (with blocking: 61568)
device: GeForce GTX 1080 Ti (0xaf04f0)  kernel from: 248320 to: 310400 -> range: 62080 (with blocking: 62080)
device: GeForce GTX 1080 Ti (0xaf0730) duration: 0.0509583
device: GeForce GTX 1080 Ti (0xaefcf0) duration: 0.051713
device: GeForce GTX 1080 Ti (0xaf04f0) duration: 0.0513905
device: GeForce GTX 1080 Ti (0xaef4f0) duration: 0.0516618
device: GeForce GTX 1080 Ti (0xaf1170) duration: 0.0610867
device: GeForce GTX 1080 Ti (0xae7cb0) duration: 0.0647199
duration mult ocl: 0.0796121
entering multTranspose, device: GeForce GTX 1080 Ti (0xaef4f0)
entering multTranspose, device: GeForce GTX 1080 Ti (0xaf04f0)
entering multTranspose, device: GeForce GTX 1080 Ti (0xaefcf0)
entering multTranspose, device: GeForce GTX 1080 Ti (0xaf0730)
entering multTranspose, device: GeForce GTX 1080 Ti (0xae7cb0)
entering multTranspose, device: GeForce GTX 1080 Ti (0xaf1170)
device: GeForce GTX 1080 Ti (0xaf04f0)  kernel from: 0 to: 51328 -> range: 51328 (with blocking: 51328)
device: GeForce GTX 1080 Ti (0xaf04f0) duration: 0.712068
duration multTranspose ocl: 0.717198
GeForce GTX 1080 Ti
GeForce GTX 1080 Ti
GeForce GTX 1080 Ti
GeForce GTX 1080 Ti
GeForce GTX 1080 Ti
GeForce GTX 1080 Ti
entering mult, device: GeForce GTX 1080 Ti (0xaf04f0)
entering mult, device: GeForce GTX 1080 Ti (0xaf1170)
entering mult, device: GeForce GTX 1080 Ti (0xae7cb0)
entering mult, device: GeForce GTX 1080 Ti (0xaef4f0)
entering mult, device: GeForce GTX 1080 Ti (0xaf0730)
entering mult, device: GeForce GTX 1080 Ti (0xaefcf0)
device: GeForce GTX 1080 Ti (0xaf04f0)  kernel from: 0 to: 62080 -> range: 62080 (with blocking: 62080)
device: GeForce GTX 1080 Ti (0xaef4f0)  kernel from: 310400 to: 371968 -> range: 61568 (with blocking: 61568)
device: GeForce GTX 1080 Ti (0xaf0730)  kernel from: 248320 to: 310400 -> range: 62080 (with blocking: 62080)
device: GeForce GTX 1080 Ti (0xae7cb0)  kernel from: 62080 to: 124160 -> range: 62080 (with blocking: 62080)
device: GeForce GTX 1080 Ti (0xaefcf0)  kernel from: 124160 to: 186240 -> range: 62080 (with blocking: 62080)
device: GeForce GTX 1080 Ti (0xaf1170)  kernel from: 186240 to: 248320 -> range: 62080 (with blocking: 62080)
device: GeForce GTX 1080 Ti (0xaf0730) duration: 0.0509686
device: GeForce GTX 1080 Ti (0xaf04f0) duration: 0.0514068
device: GeForce GTX 1080 Ti (0xaefcf0) duration: 0.0513894
device: GeForce GTX 1080 Ti (0xaef4f0) duration: 0.0513085
