./datadriven/examplesOCL/regression_cmd --trainingFileName ../../DissertationCodeGTX/datasets/DR5/DR5_nowarnings_less05_train.arff --testFileName ../../DissertationCodeGTX/datasets/DR5/DR5_nowarnings_less05_test.arff --learnerMode LEARNTEST --grid.level 10 --lambda 1E-5 --grid.type ModLinear --verbose true --additionalConfig results_diss/DR5_scaling_ocl_float_gtx1080ti_5.cfg --operation.type STREAMING --operation.subType OCLMASKMP --solverFinal.maxIterations 500 --solverFinal.eps 0 --isRegression true --adaptConfig.support_refinement_min_support 500 --adaptConfig.support_refinement_ocl_config results_diss/DR5_scaling_ocl_float_gtx1080ti_5.cfg --adaptConfig.use_support_refinement --do_dummy_ocl_init
training dataset: ../../DissertationCodeGTX/datasets/DR5/DR5_nowarnings_less05_train.arff
OCL Info: 2 OpenCL platforms have been found
OCL Info: detected platform, name: "Intel(R) OpenCL"
OCL Info: detected platform vendor name: "Intel(R) Corporation"
OCL Info: platform not configured, skipping...
OCL Info: detected platform, name: "NVIDIA CUDA"
OCL Info: detected platform vendor name: "NVIDIA Corporation"
OCL Info: using platform, name: "NVIDIA CUDA"
OCL Info: platform device count: 8
OCL Info: detected device, name: "GeForce GTX 1080 Ti"
OCL Info: using device, name: "GeForce GTX 1080 Ti"
OCL Info: detected device, name: "GeForce GTX 1080 Ti"
OCL Info: using device, name: "GeForce GTX 1080 Ti"
OCL Info: detected device, name: "GeForce GTX 1080 Ti"
OCL Info: using device, name: "GeForce GTX 1080 Ti"
OCL Info: detected device, name: "GeForce GTX 1080 Ti"
OCL Info: using device, name: "GeForce GTX 1080 Ti"
OCL Info: detected device, name: "GeForce GTX 1080 Ti"
OCL Info: using device, name: "GeForce GTX 1080 Ti"
OCL Info: detected device, name: "GeForce GTX 1080 Ti"
OCL Info: detected device, name: "GeForce GTX 1080 Ti"
OCL Info: detected device, name: "GeForce GTX 1080 Ti"
ocl dummy initalization duration: 7.79412
instances: 371908
support_refinement_min_support: 500
OCL Info: 2 OpenCL platforms have been found
OCL Info: detected platform, name: "Intel(R) OpenCL"
OCL Info: detected platform vendor name: "Intel(R) Corporation"
OCL Info: platform not configured, skipping...
OCL Info: detected platform, name: "NVIDIA CUDA"
OCL Info: detected platform vendor name: "NVIDIA Corporation"
OCL Info: using platform, name: "NVIDIA CUDA"
OCL Info: platform device count: 8
OCL Info: detected device, name: "GeForce GTX 1080 Ti"
OCL Info: using device, name: "GeForce GTX 1080 Ti"
OCL Info: detected device, name: "GeForce GTX 1080 Ti"
OCL Info: using device, name: "GeForce GTX 1080 Ti"
OCL Info: detected device, name: "GeForce GTX 1080 Ti"
OCL Info: using device, name: "GeForce GTX 1080 Ti"
OCL Info: detected device, name: "GeForce GTX 1080 Ti"
OCL Info: using device, name: "GeForce GTX 1080 Ti"
OCL Info: detected device, name: "GeForce GTX 1080 Ti"
OCL Info: using device, name: "GeForce GTX 1080 Ti"
OCL Info: detected device, name: "GeForce GTX 1080 Ti"
OCL Info: detected device, name: "GeForce GTX 1080 Ti"
OCL Info: detected device, name: "GeForce GTX 1080 Ti"
ocl_init_duration: 1.52021
building kernel: verify_support
building with optimization flags: 
--- Build Log ---


building with optimization flags: 
--- Build Log ---


building with optimization flags: 
--- Build Log ---


building with optimization flags: 
--- Build Log ---


building with optimization flags: 
--- Build Log ---


num_candidates: 1
num_candidates: 1 block_size: 128 num_candidates_per_device: 0
device: 4 range_padded: 128 range_start: 0 range_end: 1
candidates with support: 1
num_candidates: 10
num_candidates: 10 block_size: 128 num_candidates_per_device: 2
device: 4 range_padded: 128 range_start: 0 range_end: 10
candidates with support: 10
num_candidates: 60
num_candidates: 60 block_size: 128 num_candidates_per_device: 12
device: 4 range_padded: 128 range_start: 0 range_end: 60
candidates with support: 52
num_candidates: 236
num_candidates: 236 block_size: 128 num_candidates_per_device: 47
device: 4 range_padded: 256 range_start: 0 range_end: 236
candidates with support: 181
num_candidates: 706
num_candidates: 706 block_size: 128 num_candidates_per_device: 141
device: 4 range_padded: 768 range_start: 0 range_end: 706
candidates with support: 503
num_candidates: 1786
num_candidates: 1786 block_size: 128 num_candidates_per_device: 357
device: 4 range_padded: 1792 range_start: 0 range_end: 1786
candidates with support: 1241
num_candidates: 4140
num_candidates: 4140 block_size: 128 num_candidates_per_device: 828
device: 0 range_padded: 896 range_start: 0 range_end: 828
device: 2 range_padded: 896 range_start: 1656 range_end: 2484device: device: 
1 range_padded: 896 range_start: 8284 range_end: 1656
 range_padded: 896 range_start: 3312 range_end: 4140
device: 3 range_padded: 896 range_start: 2484 range_end: 3312
candidates with support: 2886
num_candidates: 9216
num_candidates: 9216 block_size: 128 num_candidates_per_device: 1843
device: 0 range_padded: 1920 range_start: 0 range_end: 1843
device: device: device: device: 4321 range_padded:  range_padded: 1920 range_padded:  range_start: 19201920 range_start: 3686 range_end:  range_start: 552918435529 range_end: 
 range_padded: 1920 range_start: 7372 range_end: 9216
3686
 range_end: 7372
candidates with support: 6397
num_candidates: 19682
num_candidates: 19682 block_size: 128 num_candidates_per_device: 3936
device: 0 range_padded: 3968 range_start: 0 range_end: device: device: device: 342 range_padded: 3968 range_start: 7872 range_end: 11808
 range_padded: 3968 range_start: 15744 range_end: 19682 range_padded: 
device: 1 range_padded: 3968 range_start: 3936 range_end: 7872
3936
3968 range_start: 11808 range_end: 15744
candidates with support: 13464
num_candidates: 40066
num_candidates: 40066 block_size: 128 num_candidates_per_device: 8013
device: device: 2 range_padded: 8064 range_start: 16026 range_end: 240391
device: 4 range_padded: 8064 range_start: 32052 range_end: 40066
 range_padded: 8064 range_start: 8013 range_end: 16026
device: 0 range_padded: 8064 range_start: 0 range_end: 8013
device: 3 range_padded: 8064 range_start: 24039 range_end: 32052
candidates with support: 26558
datadriven refinement done, grid size: 51293
creating createOperationMultipleEval type: DEFAULT, using base operator factory
creating createOperationMultipleEval grid: ModLinear type: STREAMING subType: OCLMASKMP
OCL Info: 2 OpenCL platforms have been found
OCL Info: detected platform, name: "Intel(R) OpenCL"
OCL Info: detected platform vendor name: "Intel(R) Corporation"
OCL Info: detected platform, name: "NVIDIA CUDA"
OCL Info: detected platform vendor name: "NVIDIA Corporation"
OCL Info: using platform, name: "NVIDIA CUDA"
OCL Info: detected device, name: "GeForce GTX 1080 Ti"
OCL Info: using device, name: "GeForce GTX 1080 Ti"
OCL Info: detected device, name: "GeForce GTX 1080 Ti"
OCL Info: using device, name: "GeForce GTX 1080 Ti"
OCL Info: detected device, name: "GeForce GTX 1080 Ti"
OCL Info: using device, name: "GeForce GTX 1080 Ti"
OCL Info: detected device, name: "GeForce GTX 1080 Ti"
OCL Info: using device, name: "GeForce GTX 1080 Ti"
OCL Info: detected device, name: "GeForce GTX 1080 Ti"
OCL Info: using device, name: "GeForce GTX 1080 Ti"
OCL Info: detected device, name: "GeForce GTX 1080 Ti"
OCL Info: detected device, name: "GeForce GTX 1080 Ti"
OCL Info: detected device, name: "GeForce GTX 1080 Ti"
Starting Learning....

Doing refinement: 0
Grid Size: 51293
building with optimization flags: 
building with optimization flags: 
building with optimization flags: 
building with optimization flags: 
building with optimization flags: 
--- Begin Build Log ---


--- End Build Log ---
device: GeForce GTX 1080 Ti (0x15204f0)  kernel from: 0 to: 10368 -> range: 10368 (with blocking: 10368)
--- Begin Build Log ---


--- End Build Log ---
device: GeForce GTX 1080 Ti (0x15214f0)  kernel from: 10368 to: 20736 -> range: 10368 (with blocking: 10368)
--- Begin Build Log ---


--- End Build Log ---
device: GeForce GTX 1080 Ti (0x1521730)  kernel from: 20736 to: 31104 -> range: 10368 (with blocking: 10368)
--- Begin Build Log ---


--- End Build Log ---
device: GeForce GTX 1080 Ti (0x1520cf0)  kernel from: 31104 to: 41472 -> range: 10368 (with blocking: 10368)
--- Begin Build Log ---


--- End Build Log ---
device: GeForce GTX 1080 Ti (0x1518cb0)  kernel from: 41472 to: 51328 -> range: 9856 (with blocking: 9856)
device: 0x1518cb0 duration: 0.0190453
device: 0x1520cf0 duration: 0.019287
device: 0x1521730 duration: 0.0189164
device: 0x15204f0 duration: 0.0192492
device: 0x15214f0 duration: 0.019071
duration multTranspose ocl mod: 0.188703
building with optimization flags: 
building with optimization flags: 
building with optimization flags: 
building with optimization flags: 
building with optimization flags: 
--- Begin Build Log ---


--- End Build Log ---
--- Begin Build Log ---


--- End Build Log ---
--- Begin Build Log ---


--- End Build Log ---
--- Begin Build Log ---


--- End Build Log ---
--- Begin Build Log ---


--- End Build Log ---
device: 0x1521730 kernel from: 0 to: 74496 -> range: 74496
device: 0x1520cf0 kernel from: 74496 to: 148992 -> range: 74496
device: 0x1518cb0 kernel from: 148992 to: 223488 -> range: 74496
device: 0x15204f0 kernel from: 223488 to: 297984 -> range: 74496
device: 0x15214f0 kernel from: 297984 to: 371968 -> range: 73984
device: 0x1518cb0 duration: 0.0320019
device: 0x1520cf0 duration: 0.0323553
device: 0x1521730 duration: 0.032896
device: 0x15204f0 duration: 0.0334408
device: 0x15214f0 duration: 0.033793
duration mult ocl mod: 0.180595
device: GeForce GTX 1080 Ti (0x1521730)  kernel from: 0 to: 10368 -> range: 10368 (with blocking: 10368)
device: GeForce GTX 1080 Ti (0x1520cf0)  kernel from: 10368 to: 20736 -> range: 10368 (with blocking: 10368)
device: GeForce GTX 1080 Ti (0x15204f0)  kernel from: 31104 to: 41472 -> range: 10368 (with blocking: 10368)
device: GeForce GTX 1080 Ti (0x1518cb0)  kernel from: 41472 to: 51328 -> range: 9856 (with blocking: 9856)
device: GeForce GTX 1080 Ti (0x15214f0)  kernel from: 20736 to: 31104 -> range: 10368 (with blocking: 10368)
device: 0x15214f0 duration: device: 0.01904330x1518cb0 duration: 
0.0190331
device: 0x15204f0 duration: 0.0192358
device: 0x1521730 duration: 0.0188498
device: 0x1520cf0 duration: 0.0193034
duration multTranspose ocl mod: 0.0307205
device: 0x15204f0 kernel from: 0 to: 74496 -> range: 74496
device: 0x15214f0 kernel from: 74496 to: 148992 -> range: 74496
device: 0x1520cf0 kernel from: 148992 to: 223488 -> range: 74496
device: 0x1518cb0 kernel from: 223488 to: 297984 -> range: 74496
device: 0x1521730 kernel from: 297984 to: 371968 -> range: 73984
device: 0x1518cb0 duration: 0.0319857
device: 0x1520cf0 duration: 0.0323912
device: 0x15204f0 duration: 0.0333087
device: 0x1521730 duration: 0.0328796
device: 0x15214f0 duration: 0.0348313
duration mult ocl mod: 0.0436959
device: GeForce GTX 1080 Ti (0x1520cf0)  kernel from: 0 to: 10368 -> range: 10368 (with blocking: 10368)
device: GeForce GTX 1080 Ti (0x1521730)  kernel from: 10368 to: 20736 -> range: 10368 (with blocking: 10368)
device: GeForce GTX 1080 Ti (0x1518cb0)  kernel from: 20736 to: 31104 -> range: 10368 (with blocking: 10368)
device: GeForce GTX 1080 Ti (0x15214f0)  kernel from: 41472 to: 51328 -> range: 9856 (with blocking: 9856)
device: GeForce GTX 1080 Ti (0x15204f0)  kernel from: 31104 to: 41472 -> range: 10368 (with blocking: 10368)
device: 0x1518cb0 duration: 0.0190004
device: 0x1521730 duration: 0.0189102
device: 0x15214f0 duration: 0.0189922
device: 0x15204f0 duration: 0.0192164
device: 0x1520cf0 duration: 0.0192839
duration multTranspose ocl mod: 0.0330615
device: 0x1521730 kernel from: 0 to: 74496 -> range: 74496
device: 0x1520cf0 kernel from: 74496 to: 148992 -> range: 74496
device: 0x1518cb0 kernel from: 148992 to: 223488 -> range: 74496
device: 0x15214f0 kernel from: 223488 to: 297984 -> range: 74496
device: 0x15204f0 kernel from: 297984 to: 371968 -> range: 73984
device: 0x1521730 duration: 0.0318014
device: 0x1518cb0 duration: 0.0320174
device: 0x1520cf0 duration: 0.0323594
device: 0x15204f0 duration: 0.0323123
device: 0x15214f0 duration: 0.0330926
duration mult ocl mod: 0.0435649
device: GeForce GTX 1080 Ti (0x15214f0)  kernel from: 0 to: 10368 -> range: 10368 (with blocking: 10368)
device: GeForce GTX 1080 Ti (0x15204f0)  kernel from: 10368 to: 20736 -> range: 10368 (with blocking: 10368)
device: GeForce GTX 1080 Ti (0x1521730)  kernel from: 31104 to: 41472 -> range: 10368 (with blocking: 10368)
device: GeForce GTX 1080 Ti (0x1518cb0)  kernel from: 41472 to: 51328 -> range: 9856 (with blocking: 9856)
device: GeForce GTX 1080 Ti (0x1520cf0)  kernel from: 20736 to: 31104 -> range: 10368 (with blocking: 10368)
device: 0x1518cb0 duration: 0.0190054
device: 0x15214f0 duration: 0.0190515
device: 0x1521730 duration: 0.0188795
device: 0x15204f0 duration: 0.0192101
device: 0x1520cf0 duration: 0.0192901
duration multTranspose ocl mod: 0.0342462
device: 0x15204f0 kernel from: 0 to: 74496 -> range: 74496
device: 0x15214f0 kernel from: 74496 to: 148992 -> range: 74496
device: 0x1518cb0 kernel from: 148992 to: 223488 -> range: 74496
device: 0x1520cf0 kernel from: 223488 to: 297984 -> range: 74496
device: 0x1521730 kernel from: 297984 to: 371968 -> range: 73984
device: 0x1518cb0 duration: 0.0319744
device: 0x1520cf0 duration: 0.0323482
device: 0x15214f0 duration: 0.0328448
device: 0x15204f0 duration: 0.0333158
device: 0x1521730 duration: 0.0328356
duration mult ocl mod: 0.0412902
device: GeForce GTX 1080 Ti (0x1520cf0)  kernel from: 0 to: 10368 -> range: 10368 (with blocking: 10368)
device: GeForce GTX 1080 Ti (0x1521730)  kernel from: 20736 to: 31104 -> range: 10368 (with blocking: 10368)
device: GeForce GTX 1080 Ti (0x15214f0)  kernel from: 10368 to: 20736 -> range: 10368 (with blocking: 10368)
device: GeForce GTX 1080 Ti (0x1518cb0)  kernel from: 31104 to: 41472 -> range: 10368 (with blocking: 10368)
device: GeForce GTX 1080 Ti (0x15204f0)  kernel from: 41472 to: 51328 -> range: 9856 (with blocking: 9856)
device: 0x15204f0 duration: 0.0192173
device: 0x1518cb0 duration: 0.0190147
device: 0x1521730 duration: 0.0188755
device: 0x15214f0 duration: device: 0.01905040x1520cf0 duration: 
0.0192891
duration multTranspose ocl mod: 0.0347971
device: 0x15214f0 kernel from: 0 to: 74496 -> range: 74496
device: 0x1521730 kernel from: 74496 to: 148992 -> range: 74496
device: 0x1520cf0 kernel from: 148992 to: 223488 -> range: 74496
device: 0x15204f0 kernel from: 223488 to: 297984 -> range: 74496
device: 0x1518cb0 kernel from: 297984 to: 371968 -> range: 73984
device: 0x1518cb0 duration: 0.0319774
device: device: 0x15214f00x1520cf0 duration:  duration: 0.0328110.0323779

device: 0x15204f0 duration: 0.0334121
device: 0x1521730 duration: 0.0340572
duration mult ocl mod: 0.0423782
device: GeForce GTX 1080 Ti (0x15204f0)  kernel from: 0 to: 10368 -> range: 10368 (with blocking: 10368)
device: GeForce GTX 1080 Ti (0x1521730)  kernel from: 31104 to: 41472 -> range: 10368 (with blocking: 10368)
device: GeForce GTX 1080 Ti (0x15214f0)  kernel from: 10368 to: 20736 -> range: 10368 (with blocking: 10368)
device: GeForce GTX 1080 Ti (0x1520cf0)  kernel from: 20736 to: 31104 -> range: 10368 (with blocking: 10368)
device: GeForce GTX 1080 Ti (0x1518cb0)  kernel from: 41472 to: 51328 -> range: 9856 (with blocking: 9856)
device: 0x1518cb0 duration: 0.0189891
device: 0x1520cf0 duration: 0.0192625
device: 0x1521730 duration: 0.0188518
device: 0x15204f0 duration: 0.0192727
device: 0x15214f0 duration: 0.0190577
duration multTranspose ocl mod: 0.0337996
device: 0x15204f0 kernel from: 0 to: 74496 -> range: 74496
device: 0x15214f0 kernel from: 74496 to: 148992 -> range: 74496
device: 0x1518cb0 kernel from: 148992 to: 223488 -> range: 74496
device: 0x1520cf0 kernel from: 223488 to: 297984 -> range: 74496
device: 0x1521730 kernel from: 297984 to: 371968 -> range: 73984
device: 0x1518cb0 duration: device: 0x15204f0 duration: 0.0319775
0.0323389
device: 0x1520cf0 duration: 0.0323738
device: 0x1521730 duration: 0.0327916
device: 0x15214f0 duration: 0.0338319
duration mult ocl mod: 0.0417218
device: GeForce GTX 1080 Ti (0x15214f0)  kernel from: 0 to: 10368 -> range: 10368 (with blocking: 10368)
device: GeForce GTX 1080 Ti (0x1521730)  kernel from: 31104 to: 41472 -> range: 10368 (with blocking: 10368)
device: GeForce GTX 1080 Ti (0x15204f0)  kernel from: 10368 to: 20736 -> range: 10368 (with blocking: 10368)
device: GeForce GTX 1080 Ti (0x1518cb0)  kernel from: 41472 to: 51328 -> range: 9856 (with blocking: 9856)
device: GeForce GTX 1080 Ti (0x1520cf0)  kernel from: 20736 to: 31104 -> range: 10368 (with blocking: 10368)
device: 0x1521730 duration: 0.0188754
device: 0x1518cb0 duration: 0.0190013
device: 0x15214f0 duration: 0.019034
device: 0x1520cf0 duration: device: 0x15204f0 duration: 0.0193024
0.0192502
duration multTranspose ocl mod: 0.0304759
device: 0x15204f0 kernel from: 0 to: 74496 -> range: 74496
device: 0x15214f0 kernel from: 74496 to: 148992 -> range: 74496
device: 0x1518cb0 kernel from: 148992 to: 223488 -> range: 74496
device: 0x1521730 kernel from: 223488 to: 297984 -> range: 74496
device: 0x1520cf0 kernel from: 297984 to: 371968 -> range: 73984
device: 0x1518cb0 duration: 0.0319734
device: 0x15204f0 duration: 0.0323553
device: 0x1521730 duration: 0.0317614
device: 0x1520cf0 duration: 0.032386
device: 0x15214f0 duration: 0.0338033
duration mult ocl mod: 0.0426097
device: GeForce GTX 1080 Ti (0x15214f0)  kernel from: 0 to: 10368 -> range: 10368 (with blocking: 10368)
device: GeForce GTX 1080 Ti (0x1521730)  kernel from: 20736 to: 31104 -> range: 10368 (with blocking: 10368)
device: GeForce GTX 1080 Ti (0x1520cf0)  kernel from: 10368 to: 20736 -> range: 10368 (with blocking: 10368)
device: GeForce GTX 1080 Ti (0x15204f0)  kernel from: 41472 to: 51328 -> range: 9856 (with blocking: 9856)
device: GeForce GTX 1080 Ti (0x1518cb0)  kernel from: 31104 to: 41472 -> range: 10368 (with blocking: 10368)
device: 0x1518cb0 duration: device: 0x15214f0 duration: 0.0190054
0.0190536
device: 0x1520cf0 duration: 0.0192614
device: 0x1521730 duration: 0.0188979
device: 0x15204f0 duration: 0.0192256
duration multTranspose ocl mod: 0.0334563
device: 0x1520cf0 kernel from: 0 to: 74496 -> range: 74496
device: 0x1518cb0 kernel from: 74496 to: 148992 -> range: 74496
device: 0x15204f0 kernel from: 148992 to: 223488 -> range: 74496
device: 0x15214f0 kernel from: 223488 to: 297984 -> range: 74496
device: 0x1521730 kernel from: 297984 to: 371968 -> range: 73984
device: 0x1518cb0 duration: 0.0320472
device: 0x1520cf0 duration: 0.0323625
device: 0x15204f0 duration: 0.0323552
device: 0x1521730 duration: 0.0326953
device: 0x15214f0 duration: 0.0339251
duration mult ocl mod: 0.0419296
device: GeForce GTX 1080 Ti (0x1520cf0)  kernel from: 10368 to: 20736 -> range: 10368 (with blocking: 10368)
device: GeForce GTX 1080 Ti (0x1518cb0)  kernel from: 41472 to: 51328 -> range: 9856 (with blocking: 9856)
device: GeForce GTX 1080 Ti (0x1521730)  kernel from: 31104 to: 41472 -> range: 10368 (with blocking: 10368)
device: GeForce GTX 1080 Ti (0x15214f0)  kernel from: 0 to: 10368 -> range: 10368 (with blocking: 10368)
device: GeForce GTX 1080 Ti (0x15204f0)  kernel from: 20736 to: 31104 -> range: 10368 (with blocking: 10368)
device: 0x1521730 duration: 0.0188764
device: 0x1518cb0 duration: 0.0190218
device: 0x15214f0 duration: 0.0190577
device: 0x15204f0 duration: 0.0192388
device: 0x1520cf0 duration: 0.0192707
duration multTranspose ocl mod: 0.032989
device: 0x1518cb0 kernel from: 0 to: 74496 -> range: 74496
device: 0x1521730 kernel from: 74496 to: 148992 -> range: 74496
device: 0x15214f0 kernel from: 148992 to: 223488 -> range: 74496
device: 0x15204f0 kernel from: 223488 to: 297984 -> range: 74496
device: 0x1520cf0 kernel from: 297984 to: 371968 -> range: 73984
device: 0x1518cb0 duration: 0.0320113
device: 0x15204f0 duration: device: 0x1520cf0 duration: 0.0323410.0323635

device: 0x1521730 duration: 0.0327332
device: 0x15214f0 duration: 0.0337244
duration mult ocl mod: 0.0449682
device: GeForce GTX 1080 Ti (0x15214f0)  kernel from: 10368 to: 20736 -> range: 10368 (with blocking: 10368)
device: GeForce GTX 1080 Ti (0x15204f0)  kernel from: 20736 to: 31104 -> range: 10368 (with blocking: 10368)
device: GeForce GTX 1080 Ti (0x1518cb0)  kernel from: 41472 to: 51328 -> range: 9856 (with blocking: 9856)
device: GeForce GTX 1080 Ti (0x1520cf0)  kernel from: 31104 to: 41472 -> range: 10368 (with blocking: 10368)
device: GeForce GTX 1080 Ti (0x1521730)  kernel from: 0 to: 10368 -> range: 10368 (with blocking: 10368)
device: 0x1521730 duration: 0.0188836
device: 0x15214f0 duration: 0.0190259
device: 0x1520cf0 duration: 0.0192932
device: 0x15204f0 duration: 0.0192266
device: 0x1518cb0 duration: 0.0190403
duration multTranspose ocl mod: 0.032251
device: 0x1521730 kernel from: 0 to: 74496 -> range: 74496
device: 0x15214f0 kernel from: 74496 to: 148992 -> range: 74496
device: 0x15204f0 kernel from: 148992 to: 223488 -> range: 74496
device: 0x1520cf0 kernel from: 223488 to: 297984 -> range: 74496
device: 0x1518cb0 kernel from: 297984 to: 371968 -> range: 73984
device: 0x1521730 duration: 0.0317655
device: 0x15204f0 duration: 0.032343
device: 0x1518cb0 duration: 0.0319898
device: 0x1520cf0 duration: 0.0330752
device: 0x15214f0 duration: 0.0337971
duration mult ocl mod: 0.0436273
device: GeForce GTX 1080 Ti (0x15204f0)  kernel from: 0 to: 10368 -> range: 10368 (with blocking: 10368)
device: GeForce GTX 1080 Ti (0x1518cb0)  kernel from: 41472 to: 51328 -> range: 9856 (with blocking: 9856)
device: GeForce GTX 1080 Ti (0x1521730)  kernel from: 20736 to: 31104 -> range: 10368 (with blocking: 10368)
device: GeForce GTX 1080 Ti (0x15214f0)  kernel from: 10368 to: 20736 -> range: 10368 (with blocking: 10368)
device: GeForce GTX 1080 Ti (0x1520cf0)  kernel from: 31104 to: 41472 -> range: 10368 (with blocking: 10368)
device: 0x1521730 duration: 0.0188979
device: 0x1518cb0 duration: 0.0190065
device: 0x15214f0 duration: 0.01907
device: 0x1520cf0 duration: device: 0x15204f0 duration: 0.0193137
0.0192164
duration multTranspose ocl mod: 0.0323868
device: 0x1520cf0 kernel from: 0 to: 74496 -> range: 74496
device: 0x15214f0 kernel from: 74496 to: 148992 -> range: 74496
device: 0x15204f0 kernel from: 148992 to: 223488 -> range: 74496
device: 0x1521730 kernel from: 223488 to: 297984 -> range: 74496
device: 0x1518cb0 kernel from: 297984 to: 371968 -> range: 73984
device: 0x1518cb0 duration: 0.0319887
device: 0x15214f0 duration: 0.0327281
device: 0x15204f0 duration: 0.0334715
device: 0x1520cf0 duration: 0.0333507
device: 0x1521730 duration: 0.0339948
duration mult ocl mod: 0.0424654
device: GeForce GTX 1080 Ti (0x1520cf0)  kernel from: 0 to: 10368 -> range: 10368 (with blocking: 10368)
device: GeForce GTX 1080 Ti (0x15204f0)  kernel from: 10368 to: 20736 -> range: 10368 (with blocking: 10368)
device: GeForce GTX 1080 Ti (0x15214f0)  kernel from: 31104 to: 41472 -> range: 10368 (with blocking: 10368)
device: GeForce GTX 1080 Ti (0x1518cb0)  kernel from: 20736 to: 31104 -> range: 10368 (with blocking: 10368)
device: GeForce GTX 1080 Ti (0x1521730)  kernel from: 41472 to: 51328 -> range: 9856 (with blocking: 9856)
device: 0x15204f0 duration: 0.0192195
device: 0x1520cf0 duration: 0.0193116
device: 0x1521730 duration: 0.0188692
device: 0x1518cb0 duration: 0.0190239
device: 0x15214f0 duration: 0.0190679
duration multTranspose ocl mod: 0.0367197
device: 0x15214f0 kernel from: 0 to: 74496 -> range: 74496
device: 0x1520cf0 kernel from: 74496 to: 148992 -> range: 74496
device: 0x1521730 kernel from: 148992 to: 223488 -> range: 74496
device: 0x1518cb0 kernel from: 223488 to: 297984 -> range: 74496
device: 0x15204f0 kernel from: 297984 to: 371968 -> range: 73984
device: 0x1521730 duration: 0.0317522
device: 0x1518cb0 duration: 0.0320133
device: 0x1520cf0 duration: 0.0323533
device: 0x15204f0 duration: 0.0323214device: 
0x15214f0 duration: 0.0329226
duration mult ocl mod: 0.0423899
device: GeForce GTX 1080 Ti (0x15204f0)  kernel from: 0 to: 10368 -> range: 10368 (with blocking: 10368)
device: GeForce GTX 1080 Ti (0x1520cf0)  kernel from: 20736 to: 31104 -> range: 10368 (with blocking: 10368)
device: GeForce GTX 1080 Ti (0x1518cb0)  kernel from: 31104 to: 41472 -> range: 10368 (with blocking: 10368)
device: GeForce GTX 1080 Ti (0x1521730)  kernel from: 41472 to: 51328 -> range: 9856 (with blocking: 9856)
device: GeForce GTX 1080 Ti (0x15214f0)  kernel from: 10368 to: 20736 -> range: 10368 (with blocking: 10368)
device: 0x1521730 duration: 0.0189102
device: 0x15214f0 duration: 0.0190321
device: 0x1518cb0 duration: 0.0190024
device: 0x15204f0 duration: 0.0192636
device: 0x1520cf0 duration: 0.0193085
duration multTranspose ocl mod: 0.0323327
device: 0x15204f0 kernel from: 0 to: 74496 -> range: 74496
device: 0x1521730 kernel from: 74496 to: 148992 -> range: 74496
device: 0x1520cf0 kernel from: 148992 to: 223488 -> range: 74496
device: 0x15214f0 kernel from: 223488 to: 297984 -> range: 74496
device: 0x1518cb0 kernel from: 297984 to: 371968 -> range: 73984
device: 0x1518cb0 duration: device: 0x1520cf0 duration: 0.0319744
0.0323511
device: 0x1521730 duration: 0.0327035
device: 0x15204f0 duration: 0.0334162
device: 0x15214f0 duration: 0.0338463
duration mult ocl mod: 0.0432341
device: GeForce GTX 1080 Ti (0x15214f0)  kernel from: 0 to: 10368 -> range: 10368 (with blocking: 10368)
device: GeForce GTX 1080 Ti (0x1518cb0)  kernel from: 10368 to: 20736 -> range: 10368 (with blocking: 10368)
device: GeForce GTX 1080 Ti (0x1521730)  kernel from: 20736 to: 31104 -> range: 10368 (with blocking: 10368)
device: GeForce GTX 1080 Ti (0x1520cf0)  kernel from: 31104 to: 41472 -> range: 10368 (with blocking: 10368)
device: GeForce GTX 1080 Ti (0x15204f0)  kernel from: 41472 to: 51328 -> range: 9856 (with blocking: 9856)
device: 0x1518cb0 duration: 0.0190218
device: 0x15204f0 duration: 0.0192143
device: 0x1521730 duration: 0.0188938
device: 0x15214f0 duration: 0.0190403
device: 0x1520cf0 duration: 0.0192625
duration multTranspose ocl mod: 0.0352972
device: 0x1521730 kernel from: 0 to: 74496 -> range: 74496
device: 0x1520cf0 kernel from: 74496 to: 148992 -> range: 74496
device: 0x15204f0 kernel from: 148992 to: 223488 -> range: 74496
device: 0x15214f0 kernel from: 223488 to: 297984 -> range: 74496
device: 0x1518cb0 kernel from: 297984 to: 371968 -> range: 73984
device: 0x1520cf0 duration: 0.0323604
device: 0x1521730 duration: 0.0326636
device: 0x1518cb0 duration: 0.0319734
device: 0x15204f0 duration: 0.0333998
device: 0x15214f0 duration: 0.0348764
duration mult ocl mod: 0.0422725
device: GeForce GTX 1080 Ti (0x1520cf0)  kernel from: 0 to: 10368 -> range: 10368 (with blocking: 10368)
device: GeForce GTX 1080 Ti (0x1518cb0)  kernel from: 20736 to: 31104 -> range: 10368 (with blocking: 10368)
device: GeForce GTX 1080 Ti (0x1521730)  kernel from: 41472 to: 51328 -> range: 9856 (with blocking: 9856)
device: GeForce GTX 1080 Ti (0x15214f0)  kernel from: 10368 to: 20736 -> range: 10368 (with blocking: 10368)
device: GeForce GTX 1080 Ti (0x15204f0)  kernel from: 31104 to: 41472 -> range: 10368 (with blocking: 10368)
device: 0x1520cf0 duration: 0.0193085
device: 0x1521730 duration: 0.0188836
device: 0x15204f0 duration: 0.0192461
device: 0x1518cb0 duration: device: 0x15214f0 duration: 0.0190649
0.0190362
duration multTranspose ocl mod: 0.0363365
device: 0x15214f0 kernel from: 0 to: 74496 -> range: 74496
device: 0x1518cb0 kernel from: 74496 to: device: 1489920x1520cf0 kernel from: 148992 to: 223488 -> range: 74496
 -> range: 74496
device: 0x1521730 kernel from: 223488 to: 297984 -> range: 74496
device: 0x15204f0 kernel from: 297984 to: 371968 -> range: 73984
device: 0x1518cb0 duration: 0.0320399device: 
0x15204f0 duration: 0.0323286
device: 0x1521730 duration: 0.0328315
device: 0x15214f0 duration: 0.0329143
device: 0x1520cf0 duration: 0.0333025
duration mult ocl mod: 0.0442609
device: GeForce GTX 1080 Ti (0x1520cf0)  kernel from: 0 to: 10368 -> range: 10368 (with blocking: 10368)
device: GeForce GTX 1080 Ti (0x1518cb0)  kernel from: 31104 to: 41472 -> range: 10368 (with blocking: 10368)
device: GeForce GTX 1080 Ti (0x15214f0)  kernel from: 10368 to: 20736 -> range: 10368 (with blocking: 10368)
device: GeForce GTX 1080 Ti (0x15204f0)  kernel from: 20736 to: 31104 -> range: 10368 (with blocking: 10368)
device: GeForce GTX 1080 Ti (0x1521730)  kernel from: 41472 to: 51328 -> range: 9856 (with blocking: 9856)
device: 0x15204f0 duration: 0.0192174
device: 0x1521730 duration: 0.0188877
device: 0x15214f0 duration: 0.0190515
device: 0x1518cb0 duration: 0.0190167
device: 0x1520cf0 duration: 0.0192911
duration multTranspose ocl mod: 0.0325688
device: 0x1521730 kernel from: 0 to: 74496 -> range: 74496
device: 0x15204f0 kernel from: 74496device:  to: 148992 -> range: 74496
0x15214f0 kernel from: 148992 to: 223488 -> range: 74496
device: 0x1520cf0 kernel from: 223488 to: 297984 -> range: 74496
device: 0x1518cb0 kernel from: 297984 to: 371968 -> range: 73984
device: 0x1518cb0 duration: 0.0319611
device: 0x1521730 duration: 0.0336978
device: 0x15204f0 duration: 0.0334305
device: 0x15214f0device:  duration: 0x1520cf0 duration: 0.0335288
0.0338176
duration mult ocl mod: 0.0438979
device: GeForce GTX 1080 Ti (0x15214f0)  kernel from: 0 to: 10368 -> range: 10368 (with blocking: 10368)
device: GeForce GTX 1080 Ti (0x1518cb0)  kernel from: 41472 to: 51328 -> range: 9856 (with blocking: 9856)
device: GeForce GTX 1080 Ti (0x15204f0)  kernel from: 20736 to: 31104 -> range: 10368 (with blocking: 10368)
device: GeForce GTX 1080 Ti (0x1520cf0)  kernel from: 10368 to: 20736 -> range: 10368 (with blocking: 10368)
device: GeForce GTX 1080 Ti (0x1521730)  kernel from: 31104 to: 41472 -> range: 10368 (with blocking: 10368)
device: 0x15214f0 duration: 0.0190157
device: 0x15204f0 duration: 0.0192307
device: 0x1518cb0 duration: 0.0189839
device: 0x1521730 duration: 0.0188754
device: 0x1520cf0 duration: 0.0192911
duration multTranspose ocl mod: 0.0365031
device: 0x15214f0 kernel from: 0 to: 74496 -> range: 74496
device: 0x1520cf0 kernel from: 74496 to: 148992 -> range: 74496
device: 0x15204f0 kernel from: 148992 to: 223488 -> range: 74496
device: 0x1521730 kernel from: 223488 to: 297984 -> range: 74496
device: 0x1518cb0 kernel from: 297984 to: 371968 -> range: 73984
device: 0x1518cb0 duration: 0.0319703
device: 0x1521730 duration: 0.0327844
device: 0x1520cf0 duration: 0.0323553
device: 0x15204f0 duration: 0.0333578
device: 0x15214f0 duration: 0.034901
duration mult ocl mod: 0.0426115
device: GeForce GTX 1080 Ti (0x15214f0)  kernel from: 0 to: 10368 -> range: 10368 (with blocking: 10368)
device: GeForce GTX 1080 Ti (0x15204f0)  kernel from: 41472 to: 51328 -> range: 9856 (with blocking: 9856)
device: GeForce GTX 1080 Ti (0x1518cb0)  kernel from: 31104 to: 41472 -> range: 10368 (with blocking: 10368)
device: GeForce GTX 1080 Ti (0x1520cf0)  kernel from: 20736 to: 31104 -> range: 10368 (with blocking: 10368)
device: GeForce GTX 1080 Ti (0x1521730)  kernel from: 10368 to: 20736 -> range: 10368 (with blocking: 10368)
device: 0x15204f0 duration: 0.0192369
device: 0x1520cf0 duration: 0.0193044
device: 0x15214f0 duration: 0.019074
device: 0x1521730 duration: 0.0188938
device: 0x1518cb0 duration: 0.019068
duration multTranspose ocl mod: 0.0364357
device: 0x1518cb0 kernel from: 0 to: 74496 -> range: 74496
device: 0x15214f0 kernel from: 74496 to: 148992 -> range: 74496
device: 0x1521730 kernel from: 148992 to: 223488 -> range: 74496
device: 0x15204f0 kernel from: 223488 to: 297984 -> range: 74496
device: 0x1520cf0 kernel from: 297984 to: 371968 -> range: 73984
device: 0x1518cb0 duration: 0.0319652
device: 0x15204f0 duration: 0.032343
device: 0x1520cf0 duration: 0.0323451
device: 0x1521730 duration: 0.0327598
device: 0x15214f0 duration: 0.0338135
duration mult ocl mod: 0.0430338
device: GeForce GTX 1080 Ti (0x1521730)  kernel from: 0 to: 10368 -> range: 10368 (with blocking: 10368)
device: GeForce GTX 1080 Ti (0x1520cf0)  kernel from: 41472 to: 51328 -> range: 9856 (with blocking: 9856)
device: GeForce GTX 1080 Ti (0x1518cb0)  kernel from: 10368 to: 20736 -> range: 10368 (with blocking: 10368)
device: GeForce GTX 1080 Ti (0x15204f0)  kernel from: 20736 to: 31104 -> range: 10368 (with blocking: 10368)
device: GeForce GTX 1080 Ti (0x15214f0)  kernel from: 31104 to: 41472 -> range: 10368 (with blocking: 10368)
device: 0x15214f0 duration: 0.0190628
device: 0x1521730 duration: 0.0189
device: 0x15204f0 duration: 0.0192379
device: 0x1518cb0 duration: 0.0189798
device: 0x1520cf0 duration: 0.0192461
duration multTranspose ocl mod: 0.0361998
device: 0x1521730 kernel from: 0 to: 74496 -> range: 74496
device: 0x1518cb0 kernel from: 74496 to: 148992 -> range: 74496
device: 0x15214f0 kernel from: 148992 to: 223488 -> range: 74496
device: 0x1520cf0 kernel from: 223488 to: 297984 -> range: 74496
device: 0x15204f0 kernel from: 297984 to: 371968 -> range: 73984
device: 0x1521730 duration: 0.0317379
device: 0x15204f0 duration: 0.0323482
device: 0x1520cf0 duration: 0.0323932
device: 0x1518cb0 duration: 0.0332298
device: 0x15214f0 duration: 0.0338616
duration mult ocl mod: 0.0452294
device: GeForce GTX 1080 Ti (0x1518cb0)  kernel from: 0 to: 10368 -> range: 10368 (with blocking: 10368)
device: GeForce GTX 1080 Ti (0x1521730)  kernel from: 41472 to: 51328 -> range: 9856 (with blocking: 9856)
device: GeForce GTX 1080 Ti (0x15204f0)  kernel from: 10368 to: 20736 -> range: 10368 (with blocking: 10368)
device: GeForce GTX 1080 Ti (0x15214f0)  kernel from: 31104 to: 41472 -> range: 10368 (with blocking: 10368)
device: GeForce GTX 1080 Ti (0x1520cf0)  kernel from: 20736 to: 31104 -> range: 10368 (with blocking: 10368)
device: 0x1520cf0 duration: 0.019285
device: 0x15204f0 duration: 0.0192532
device: 0x1518cb0 duration: 0.0190484
device: 0x1521730 duration: 0.0188753
device: 0x15214f0 duration: 0.0190115
duration multTranspose ocl mod: 0.0488389
device: 0x1521730 kernel from: 0 to: 74496 -> range: 74496
device: 0x1518cb0 kernel from: 74496 to: 148992 -> range: 74496
device: 0x1520cf0 kernel from: 148992 to: 223488 -> range: 74496
device: 0x15214f0 kernel from: 223488 to: 297984 -> range: 74496
device: 0x15204f0 kernel from: 297984 to: 371968 -> range: 73984
device: 0x1520cf0 duration: 0.0323819
device: 0x1521730 duration: 0.0328929
device: 0x15204f0 duration: 0.0323379
device: 0x1518cb0 duration: 0.032896
device: 0x15214f0 duration: 0.0328632
duration mult ocl mod: 0.0425125
device: GeForce GTX 1080 Ti (0x15204f0)  kernel from: 0 to: 10368 -> range: 10368 (with blocking: 10368)
device: GeForce GTX 1080 Ti (0x1518cb0)  kernel from: 41472 to: 51328 -> range: 9856 (with blocking: 9856)
device: GeForce GTX 1080 Ti (0x1521730)  kernel from: 10368 to: 20736 -> range: 10368 (with blocking: 10368)
device: GeForce GTX 1080 Ti (0x1520cf0)  kernel from: 31104 to: 41472 -> range: 10368 (with blocking: 10368)
device: GeForce GTX 1080 Ti (0x15214f0)  kernel from: 20736 to: 31104 -> range: 10368 (with blocking: 10368)
device: 0x15214f0 duration: 0.0190218
device: 0x15204f0 duration: 0.0192164
device: 0x1521730 duration: 0.0188672
device: 0x1518cb0 duration: 0.0190034
device: 0x1520cf0 duration: 0.0192799
duration multTranspose ocl mod: 0.0325891
device: 0x1521730 kernel from: 0 to: 74496 -> range: 74496
device: 0x15214f0 kernel from: 74496 to: 148992 -> range: 74496
device: 0x1518cb0 kernel from: 148992 to: 223488 -> range: 74496
device: 0x1520cf0 kernel from: 223488 to: 297984 -> range: 74496
device: 0x15204f0 kernel from: 297984 to: 371968 -> range: 73984
device: 0x1518cb0 duration: 0.0320236
device: 0x15204f0 duration: 0.0323133
device: 0x15214f0 duration: 0.0327148
device: 0x1520cf0 duration: 0.0323523
device: 0x1521730 duration: 0.0339415
duration mult ocl mod: 0.0399867
device: GeForce GTX 1080 Ti (0x1520cf0)  kernel from: 0 to: 10368 -> range: 10368 (with blocking: 10368)
device: GeForce GTX 1080 Ti (0x1521730)  kernel from: 10368 to: 20736 -> range: 10368 (with blocking: 10368)
device: GeForce GTX 1080 Ti (0x15204f0)  kernel from: 20736 to: 31104 -> range: 10368 (with blocking: 10368)
device: GeForce GTX 1080 Ti (0x1518cb0)  kernel from: 31104 to: 41472 -> range: 10368 (with blocking: 10368)
device: GeForce GTX 1080 Ti (0x15214f0)  kernel from: 41472 to: 51328 -> range: 9856 (with blocking: 9856)
device: 0x1518cb0 duration: 0.0190372
device: 0x15214f0 duration: device: 0x1521730 duration: 0.01885590.019028

device: 0x15204f0 duration: 0.0192246
device: 0x1520cf0 duration: 0.019285
duration multTranspose ocl mod: 0.0345344
device: 0x1518cb0 kernel from: 0 to: 74496 -> range: 74496
device: 0x1521730 kernel from: 74496 to: 148992 -> range: 74496
device: 0x15214f0 kernel from: 148992 to: 223488 -> range: 74496device: 
0x15204f0 kernel from: 223488 to: 297984 -> range: 74496
device: 0x1520cf0 kernel from: 297984 to: 371968 -> range: 73984
device: 0x1518cb0 duration: 0.0319744
device: 0x1521730 duration: 0.0317798
device: 0x1520cf0 duration: 0.0323584
device: 0x15204f0 duration: 0.0323338
device: 0x15214f0 duration: 0.0337623
duration mult ocl mod: 0.0436483
device: GeForce GTX 1080 Ti (0x1520cf0)  kernel from: 0 to: 10368 -> range: 10368 (with blocking: 10368)
device: GeForce GTX 1080 Ti (0x15214f0)  kernel from: 10368 to: 20736 -> range: 10368 (with blocking: 10368)
device: GeForce GTX 1080 Ti (0x1521730)  kernel from: 20736 to: 31104 -> range: 10368 (with blocking: 10368)
device: GeForce GTX 1080 Ti (0x1518cb0)  kernel from: 31104 to: 41472 -> range: 10368 (with blocking: 10368)
device: GeForce GTX 1080 Ti (0x15204f0)  kernel from: 41472 to: 51328 -> range: 9856 (with blocking: 9856)
device: 0x15204f0 duration: 0.0192195
device: 0x1520cf0 duration: 0.0192983
device: 0x1521730 duration: 0.0188641
device: 0x15214f0 duration: 0.0190474
device: 0x1518cb0 duration: 0.0190237
duration multTranspose ocl mod: 0.0313421
device: 0x1518cb0 kernel from: 0 to: 74496 -> range: 74496
device: 0x1520cf0 kernel from: 74496 to: 148992 -> range: 74496
device: 0x1521730 kernel from: 148992 to: 223488 -> range: 74496
device: 0x15214f0 kernel from: 223488 to: 297984 -> range: 74496
device: 0x15204f0 kernel from: 297984 to: 371968 -> range: 73984
device: 0x15204f0 duration: 0.03234
device: 0x1518cb0 duration: 0.0331817
device: 0x1520cf0 duration: 0.0323666
device: 0x1521730 duration: 0.032726
device: 0x15214f0 duration: 0.0328591
duration mult ocl mod: 0.0416874
device: GeForce GTX 1080 Ti (0x1521730)  kernel from: 0 to: 10368 -> range: 10368 (with blocking: 10368)
device: GeForce GTX 1080 Ti (0x15204f0)  kernel from: 31104 to: 41472 -> range: 10368 (with blocking: 10368)
device: GeForce GTX 1080 Ti (0x1520cf0)  kernel from: 20736 to: 31104 -> range: 10368 (with blocking: 10368)
device: GeForce GTX 1080 Ti (0x1518cb0)  kernel from: 41472 to: 51328 -> range: 9856 (with blocking: 9856)
device: GeForce GTX 1080 Ti (0x15214f0)  kernel from: 10368 to: 20736 -> range: 10368 (with blocking: 10368)
device: 0x1521730 duration: 0.0188908
device: 0x1518cb0 duration: 0.0190106
device: 0x1520cf0 duration: 0.0192799
device: 0x15214f0 duration: 0.01903
device: 0x15204f0 duration: 0.0192102
duration multTranspose ocl mod: 0.031254
device: 0x15204f0 kernel from: 0 to: 74496 -> range: 74496
device: 0x15214f0 kernel from: 74496 to: 148992 -> range: 74496
device: 0x1518cb0 kernel from: 148992 to: 223488 -> range: 74496
device: 0x1521730 kernel from: 223488 to: 297984 -> range: 74496
device: 0x1520cf0 kernel from: 297984 to: 371968 -> range: 73984
device: 0x1518cb0 duration: 0.0320041
device: 0x15204f0 duration: 0.0323318
device: 0x1520cf0 duration: 0.0323461
device: 0x1521730 duration: 0.0326625
device: 0x15214f0 duration: 0.0338627
duration mult ocl mod: 0.0411837
device: GeForce GTX 1080 Ti (0x1520cf0)  kernel from: 0 to: 10368 -> range: 10368 (with blocking: 10368)
device: GeForce GTX 1080 Ti (0x15204f0)  kernel from: 10368 to: 20736 -> range: 10368 (with blocking: 10368)
