./datadriven/examplesOCL/regression_cmd --trainingFileName ../../DissertationCodeGTX/datasets/DR5/DR5_nowarnings_less05_train.arff --testFileName ../../DissertationCodeGTX/datasets/DR5/DR5_nowarnings_less05_test.arff --learnerMode LEARNTEST --grid.level 10 --lambda 1E-5 --grid.type ModLinear --verbose true --additionalConfig results_diss/DR5_scaling_ocl_float_gtx1080ti_7.cfg --operation.type STREAMING --operation.subType OCLFASTMP --solverFinal.maxIterations 500 --solverFinal.eps 0 --isRegression true --adaptConfig.support_refinement_min_support 500 --adaptConfig.support_refinement_ocl_config results_diss/DR5_scaling_ocl_float_gtx1080ti_7.cfg --adaptConfig.use_support_refinement --do_dummy_ocl_init
OCL Info: 2 OpenCL platforms have been found
OCL Info: detected platform, name: "Intel(R) OpenCL"
OCL Info: detected platform vendor name: "Intel(R) Corporation"
OCL Info: platform not configured, skipping...
OCL Info: detected platform, name: "NVIDIA CUDA"
OCL Info: detected platform vendor name: "NVIDIA Corporation"
OCL Info: using platform, name: "NVIDIA CUDA"
OCL Info: platform device count: 8
OCL Info: detected device, name: "GeForce GTX 1080 Ti"
OCL Info: using device, name: "GeForce GTX 1080 Ti"
OCL Info: detected device, name: "GeForce GTX 1080 Ti"
OCL Info: using device, name: "GeForce GTX 1080 Ti"
OCL Info: detected device, name: "GeForce GTX 1080 Ti"
OCL Info: using device, name: "GeForce GTX 1080 Ti"
OCL Info: detected device, name: "GeForce GTX 1080 Ti"
OCL Info: using device, name: "GeForce GTX 1080 Ti"
OCL Info: detected device, name: "GeForce GTX 1080 Ti"
OCL Info: using device, name: "GeForce GTX 1080 Ti"
OCL Info: detected device, name: "GeForce GTX 1080 Ti"
OCL Info: using device, name: "GeForce GTX 1080 Ti"
OCL Info: detected device, name: "GeForce GTX 1080 Ti"
OCL Info: using device, name: "GeForce GTX 1080 Ti"
OCL Info: detected device, name: "GeForce GTX 1080 Ti"
ocl dummy initalization duration: 8.63804
instances: 371908
support_refinement_min_support:500
OCL Info: 2 OpenCL platforms have been found
OCL Info: detected platform, name: "Intel(R) OpenCL"
OCL Info: detected platform vendor name: "Intel(R) Corporation"
OCL Info: platform not configured, skipping...
OCL Info: detected platform, name: "NVIDIA CUDA"
OCL Info: detected platform vendor name: "NVIDIA Corporation"
OCL Info: using platform, name: "NVIDIA CUDA"
OCL Info: platform device count: 8
OCL Info: detected device, name: "GeForce GTX 1080 Ti"
OCL Info: using device, name: "GeForce GTX 1080 Ti"
OCL Info: detected device, name: "GeForce GTX 1080 Ti"
OCL Info: using device, name: "GeForce GTX 1080 Ti"
OCL Info: detected device, name: "GeForce GTX 1080 Ti"
OCL Info: using device, name: "GeForce GTX 1080 Ti"
OCL Info: detected device, name: "GeForce GTX 1080 Ti"
OCL Info: using device, name: "GeForce GTX 1080 Ti"
OCL Info: detected device, name: "GeForce GTX 1080 Ti"
OCL Info: using device, name: "GeForce GTX 1080 Ti"
OCL Info: detected device, name: "GeForce GTX 1080 Ti"
OCL Info: using device, name: "GeForce GTX 1080 Ti"
OCL Info: detected device, name: "GeForce GTX 1080 Ti"
OCL Info: using device, name: "GeForce GTX 1080 Ti"
OCL Info: detected device, name: "GeForce GTX 1080 Ti"
ocl_init_duration: 2.31154
warning: support refinement: more than one device configured, using first device only!
building kernel: verify_support
building with optimization flags: 
--- Begin Build Log ---


--- End Build Log ---
num_candidates: 1
num_candidates: 1 num_candidates_padded: 256 grid_size: 256 block_size: 256
duration (s): 0.316289
candidates with support: 1
num_candidates: 10
num_candidates: 10 num_candidates_padded: 256 grid_size: 256 block_size: 256
duration (s): 0.279269
candidates with support: 10
num_candidates: 60
num_candidates: 60 num_candidates_padded: 256 grid_size: 256 block_size: 256
duration (s): 0.27703
candidates with support: 52
num_candidates: 236
num_candidates: 236 num_candidates_padded: 256 grid_size: 256 block_size: 256
duration (s): 0.278391
candidates with support: 181
num_candidates: 706
num_candidates: 706 num_candidates_padded: 768 grid_size: 768 block_size: 256
duration (s): 0.280531
candidates with support: 503
num_candidates: 1786
num_candidates: 1786 num_candidates_padded: 1792 grid_size: 1792 block_size: 256
duration (s): 0.281102
candidates with support: 1241
num_candidates: 4140
num_candidates: 4140 num_candidates_padded: 4352 grid_size: 4352 block_size: 256
duration (s): 0.2814
candidates with support: 2886
num_candidates: 9216
num_candidates: 9216 num_candidates_padded: 9216 grid_size: 9216 block_size: 256
duration (s): 0.316199
candidates with support: 6397
num_candidates: 19682
num_candidates: 19682 num_candidates_padded: 19712 grid_size: 19712 block_size: 256
duration (s): 0.410405
candidates with support: 13464
num_candidates: 40066
num_candidates: 40066 num_candidates_padded: 40192 grid_size: 40192 block_size: 256
duration (s): 0.791512
candidates with support: 26558
datadriven refinement done, grid size: 51293
creating createOperationMultipleEval type: DEFAULT, using base operator factory
creating createOperationMultipleEval grid: ModLinear type: STREAMING subType: OCLFASTMP
OCL Info: 2 OpenCL platforms have been found
OCL Info: detected platform, name: "Intel(R) OpenCL"
OCL Info: detected platform vendor name: "Intel(R) Corporation"
OCL Info: detected platform, name: "NVIDIA CUDA"
OCL Info: detected platform vendor name: "NVIDIA Corporation"
OCL Info: using platform, name: "NVIDIA CUDA"
OCL Info: detected device, name: "GeForce GTX 1080 Ti"
OCL Info: using device, name: "GeForce GTX 1080 Ti"
OCL Info: detected device, name: "GeForce GTX 1080 Ti"
OCL Info: using device, name: "GeForce GTX 1080 Ti"
OCL Info: detected device, name: "GeForce GTX 1080 Ti"
OCL Info: using device, name: "GeForce GTX 1080 Ti"
OCL Info: detected device, name: "GeForce GTX 1080 Ti"
OCL Info: using device, name: "GeForce GTX 1080 Ti"
OCL Info: detected device, name: "GeForce GTX 1080 Ti"
OCL Info: using device, name: "GeForce GTX 1080 Ti"
OCL Info: detected device, name: "GeForce GTX 1080 Ti"
OCL Info: using device, name: "GeForce GTX 1080 Ti"
OCL Info: detected device, name: "GeForce GTX 1080 Ti"
OCL Info: using device, name: "GeForce GTX 1080 Ti"
OCL Info: detected device, name: "GeForce GTX 1080 Ti"
Starting Learning....

Doing refinement: 0
Grid Size: 51293
entering multTranspose, device: GeForce GTX 1080 Ti (0xf83170)
entering multTranspose, device: GeForce GTX 1080 Ti (0xf814f0)
entering multTranspose, device: GeForce GTX 1080 Ti (0xf81cf0)
entering multTranspose, device: GeForce GTX 1080 Ti (0xf79cb0)
entering multTranspose, device: GeForce GTX 1080 Ti (0xf824f0)
entering multTranspose, device: GeForce GTX 1080 Ti (0xf82970)
entering multTranspose, device: GeForce GTX 1080 Ti (0xf82730)
building with optimization flags: 
building with optimization flags: 
building with optimization flags: 
building with optimization flags: 
building with optimization flags: 
building with optimization flags: 
building with optimization flags: 
--- Begin Build Log ---


--- End Build Log ---
--- Begin Build Log ---


--- End Build Log ---
--- Begin Build Log ---


--- End Build Log ---
--- Begin Build Log ---


--- End Build Log ---
--- Begin Build Log ---


--- End Build Log ---
--- Begin Build Log ---


--- End Build Log ---
--- Begin Build Log ---


--- End Build Log ---
device: GeForce GTX 1080 Ti (0xf814f0)  kernel from: 0 to: 51328 -> range: 51328 (with blocking: 51328)
device: GeForce GTX 1080 Ti (0xf814f0) duration: 0.74751
duration multTranspose ocl: 0.995113
GeForce GTX 1080 Ti
GeForce GTX 1080 Ti
GeForce GTX 1080 Ti
GeForce GTX 1080 Ti
GeForce GTX 1080 Ti
GeForce GTX 1080 Ti
GeForce GTX 1080 Ti
entering mult, device: GeForce GTX 1080 Ti (0xf814f0)
entering mult, device: GeForce GTX 1080 Ti (0xf81cf0)
entering mult, device: GeForce GTX 1080 Ti (0xf82730)
entering mult, device: GeForce GTX 1080 Ti (0xf824f0)
entering mult, device: GeForce GTX 1080 Ti (0xf83170)
entering mult, device: GeForce GTX 1080 Ti (0xf79cb0)
entering mult, device: GeForce GTX 1080 Ti (0xf82970)
building with optimization flags: 
building with optimization flags: 
building with optimization flags: 
building with optimization flags: 
building with optimization flags: 
building with optimization flags: 
building with optimization flags: 
--- Begin Build Log ---


--- End Build Log ---
--- Begin Build Log ---


--- End Build Log ---
--- Begin Build Log ---


--- End Build Log ---
--- Begin Build Log ---


--- End Build Log ---
--- Begin Build Log ---


--- End Build Log ---
--- Begin Build Log ---


--- End Build Log ---
--- Begin Build Log ---


--- End Build Log ---
device: GeForce GTX 1080 Ti (0xf824f0)  kernel from: 106496 to: 159744 -> range: 53248 (with blocking: 53248)
device: GeForce GTX 1080 Ti (0xf81cf0)  kernel from: 266240 to: 319488 -> range: 53248 (with blocking: 53248)
device: GeForce GTX 1080 Ti (0xf82970)  kernel from: 0 to: 53248 -> range: 53248 (with blocking: 53248)
device: GeForce GTX 1080 Ti (0xf79cb0)  kernel from: 212992 to: 266240 -> range: 53248 (with blocking: 53248)
device: GeForce GTX 1080 Ti (0xf82730)  kernel from: 53248 to: 106496 -> range: 53248 (with blocking: 53248)
device: GeForce GTX 1080 Ti (0xf814f0)  kernel from: 159744 to: 212992 -> range: 53248 (with blocking: 53248)
device: GeForce GTX 1080 Ti (0xf83170)  kernel from: 319488 to: 371968 -> range: 52480 (with blocking: 52480)
device: GeForce GTX 1080 Ti (0xf814f0) duration: 0.0332923
device: GeForce GTX 1080 Ti (0xf81cf0) duration: 0.0420659
device: GeForce GTX 1080 Ti (0xf824f0) duration: 0.042198
device: GeForce GTX 1080 Ti (0xf82730) duration: 0.0421622
device: GeForce GTX 1080 Ti (0xf83170) duration: 0.0419441
device: GeForce GTX 1080 Ti (0xf82970) duration: 0.0425892
device: GeForce GTX 1080 Ti (0xf79cb0) duration: 0.0420751
duration mult ocl: 0.344134
entering multTranspose, device: GeForce GTX 1080 Ti (0xf83170)
entering multTranspose, device: GeForce GTX 1080 Ti (0xf824f0)
entering multTranspose, device: GeForce GTX 1080 Ti (0xf814f0)
entering multTranspose, device: GeForce GTX 1080 Ti (0xf82970)
entering multTranspose, device: GeForce GTX 1080 Ti (0xf79cb0)
entering multTranspose, device: GeForce GTX 1080 Ti (0xf82730)
entering multTranspose, device: GeForce GTX 1080 Ti (0xf81cf0)
device: GeForce GTX 1080 Ti (0xf814f0)  kernel from: 0 to: 51328 -> range: 51328 (with blocking: 51328)
device: GeForce GTX 1080 Ti (0xf814f0) duration: 0.712441
duration multTranspose ocl: 0.721842
GeForce GTX 1080 Ti
GeForce GTX 1080 Ti
GeForce GTX 1080 Ti
GeForce GTX 1080 Ti
GeForce GTX 1080 Ti
GeForce GTX 1080 Ti
GeForce GTX 1080 Ti
entering mult, device: GeForce GTX 1080 Ti (0xf814f0)
entering mult, device: GeForce GTX 1080 Ti (0xf83170)
entering mult, device: GeForce GTX 1080 Ti (0xf79cb0)
entering mult, device: GeForce GTX 1080 Ti (0xf81cf0)
entering mult, device: GeForce GTX 1080 Ti (0xf82970)
entering mult, device: GeForce GTX 1080 Ti (0xf824f0)
entering mult, device: GeForce GTX 1080 Ti (0xf82730)
device: GeForce GTX 1080 Ti (0xf82730)  kernel from: 53248 to: 106496 -> range: 53248 (with blocking: 53248)
device: GeForce GTX 1080 Ti (0xf814f0)  kernel from: 319488 to: 371968 -> range: 52480 (with blocking: 52480)
device: GeForce GTX 1080 Ti (0xf824f0)  kernel from: 212992 to: 266240 -> range: 53248 (with blocking: 53248)
device: GeForce GTX 1080 Ti (0xf79cb0)  kernel from: 159744 to: 212992 -> range: 53248 (with blocking: 53248)
device: GeForce GTX 1080 Ti (0xf83170)  kernel from: 0 to: 53248 -> range: 53248 (with blocking: 53248)
device: GeForce GTX 1080 Ti (0xf81cf0)  kernel from: 266240 to: 319488 -> range: 53248 (with blocking: 53248)
device: GeForce GTX 1080 Ti (0xf82970)  kernel from: 106496 to: 159744 -> range: 53248 (with blocking: 53248)
device: GeForce GTX 1080 Ti (0xf814f0) duration: 0.0332696
device: GeForce GTX 1080 Ti (0xf824f0) duration: 0.0421325
device: GeForce GTX 1080 Ti (0xf82730) duration: 0.0420925
device: GeForce GTX 1080 Ti (0xf81cf0) duration: 0.0420465
device: GeForce GTX 1080 Ti (0xf82970) duration: 0.0425175
device: GeForce GTX 1080 Ti (0xf83170) duration: 0.0419717
device: GeForce GTX 1080 Ti (0xf79cb0) duration: 0.0420086
duration mult ocl: 0.0610153
entering multTranspose, device: GeForce GTX 1080 Ti (0xf814f0)
entering multTranspose, device: GeForce GTX 1080 Ti (0xf83170)
entering multTranspose, device: GeForce GTX 1080 Ti (0xf79cb0)
entering multTranspose, device: GeForce GTX 1080 Ti (0xf81cf0)
entering multTranspose, device: GeForce GTX 1080 Ti (0xf824f0)
entering multTranspose, device: GeForce GTX 1080 Ti (0xf82970)
entering multTranspose, device: GeForce GTX 1080 Ti (0xf82730)
device: GeForce GTX 1080 Ti (0xf814f0)  kernel from: 0 to: 51328 -> range: 51328 (with blocking: 51328)
device: GeForce GTX 1080 Ti (0xf814f0) duration: 0.713904
duration multTranspose ocl: 0.719768
GeForce GTX 1080 Ti
GeForce GTX 1080 Ti
GeForce GTX 1080 Ti
GeForce GTX 1080 Ti
GeForce GTX 1080 Ti
GeForce GTX 1080 Ti
GeForce GTX 1080 Ti
entering mult, device: GeForce GTX 1080 Ti (0xf814f0)
entering mult, device: GeForce GTX 1080 Ti (0xf82970)
entering mult, device: GeForce GTX 1080 Ti (0xf79cb0)
entering mult, device: GeForce GTX 1080 Ti (0xf824f0)
entering mult, device: GeForce GTX 1080 Ti (0xf82730)
entering mult, device: GeForce GTX 1080 Ti (0xf83170)
entering mult, device: GeForce GTX 1080 Ti (0xf81cf0)
device: GeForce GTX 1080 Ti (0xf814f0)  kernel from: 0 to: 53248 -> range: 53248 (with blocking: 53248)
device: GeForce GTX 1080 Ti (0xf81cf0)  kernel from: 159744 to: 212992 -> range: 53248 (with blocking: 53248)
device: GeForce GTX 1080 Ti (0xf824f0)  kernel from: 53248 to: 106496 -> range: 53248 (with blocking: 53248)
device: GeForce GTX 1080 Ti (0xf79cb0)  kernel from: 106496 to: 159744 -> range: 53248 (with blocking: 53248)
device: GeForce GTX 1080 Ti (0xf83170)  kernel from: 266240 to: 319488 -> range: 53248 (with blocking: 53248)
device: GeForce GTX 1080 Ti (0xf82730)  kernel from: 319488 to: 371968 -> range: 52480 (with blocking: 52480)
device: GeForce GTX 1080 Ti (0xf82970)  kernel from: 212992 to: 266240 -> range: 53248 (with blocking: 53248)
device: GeForce GTX 1080 Ti (0xf814f0) duration: 0.0333037
device: GeForce GTX 1080 Ti (0xf81cf0) duration: 0.0420506
device: GeForce GTX 1080 Ti (0xf83170) duration: 0.0419379
device: GeForce GTX 1080 Ti (0xf824f0) duration: 0.0422144
device: GeForce GTX 1080 Ti (0xf79cb0) duration: 0.0420567
device: GeForce GTX 1080 Ti (0xf82730) duration: 0.0421436
device: GeForce GTX 1080 Ti (0xf82970) duration: 0.0425892
duration mult ocl: 0.0588899
entering multTranspose, device: GeForce GTX 1080 Ti (0xf814f0)
entering multTranspose, device: GeForce GTX 1080 Ti (0xf81cf0)
entering multTranspose, device: GeForce GTX 1080 Ti (0xf82730)
entering multTranspose, device: GeForce GTX 1080 Ti (0xf79cb0)
entering multTranspose, device: GeForce GTX 1080 Ti (0xf83170)
entering multTranspose, device: GeForce GTX 1080 Ti (0xf824f0)
entering multTranspose, device: GeForce GTX 1080 Ti (0xf82970)
device: GeForce GTX 1080 Ti (0xf79cb0)  kernel from: 0 to: 51328 -> range: 51328 (with blocking: 51328)
device: GeForce GTX 1080 Ti (0xf79cb0) duration: 0.738639
duration multTranspose ocl: 0.754937
GeForce GTX 1080 Ti
GeForce GTX 1080 Ti
GeForce GTX 1080 Ti
GeForce GTX 1080 Ti
GeForce GTX 1080 Ti
GeForce GTX 1080 Ti
GeForce GTX 1080 Ti
entering mult, device: GeForce GTX 1080 Ti (0xf824f0)
entering mult, device: GeForce GTX 1080 Ti (0xf82730)
entering mult, device: GeForce GTX 1080 Ti (0xf79cb0)
entering mult, device: GeForce GTX 1080 Ti (0xf81cf0)
entering mult, device: GeForce GTX 1080 Ti (0xf814f0)
entering mult, device: GeForce GTX 1080 Ti (0xf82970)
entering mult, device: GeForce GTX 1080 Ti (0xf83170)
device: GeForce GTX 1080 Ti (0xf81cf0)  kernel from: 0 to: 53248 -> range: 53248 (with blocking: 53248)
device: GeForce GTX 1080 Ti (0xf79cb0)  kernel from: 266240 to: 319488 -> range: 53248 (with blocking: 53248)
device: GeForce GTX 1080 Ti (0xf82730)  kernel from: 53248 to: 106496 -> range: 53248 (with blocking: 53248)
device: GeForce GTX 1080 Ti (0xf814f0)  kernel from: 319488 to: 371968 -> range: 52480 (with blocking: 52480)
device: GeForce GTX 1080 Ti (0xf83170)  kernel from: 106496 to: 159744 -> range: 53248 (with blocking: 53248)
device: GeForce GTX 1080 Ti (0xf82970)  kernel from: 159744 to: 212992 -> range: 53248 (with blocking: 53248)
device: GeForce GTX 1080 Ti (0xf824f0)  kernel from: 212992 to: 266240 -> range: 53248 (with blocking: 53248)
device: GeForce GTX 1080 Ti (0xf814f0) duration: 0.033282
device: GeForce GTX 1080 Ti (0xf79cb0) duration: 0.0331284
device: GeForce GTX 1080 Ti (0xf83170) duration: 0.0419318
device: GeForce GTX 1080 Ti (0xf81cf0) duration: 0.0420045
device: GeForce GTX 1080 Ti (0xf82730) duration: 0.0421673
device: GeForce GTX 1080 Ti (0xf824f0) duration: 0.0421407
device: GeForce GTX 1080 Ti (0xf82970) duration: 0.0425041
duration mult ocl: 0.0611802
entering multTranspose, device: GeForce GTX 1080 Ti (0xf81cf0)
entering multTranspose, device: GeForce GTX 1080 Ti (0xf814f0)
entering multTranspose, device: GeForce GTX 1080 Ti (0xf82970)
entering multTranspose, device: GeForce GTX 1080 Ti (0xf82730)
entering multTranspose, device: GeForce GTX 1080 Ti (0xf79cb0)
entering multTranspose, device: GeForce GTX 1080 Ti (0xf824f0)
entering multTranspose, device: GeForce GTX 1080 Ti (0xf83170)
device: GeForce GTX 1080 Ti (0xf81cf0)  kernel from: 0 to: 51328 -> range: 51328 (with blocking: 51328)
device: GeForce GTX 1080 Ti (0xf81cf0) duration: 0.741677
duration multTranspose ocl: 0.757817
GeForce GTX 1080 Ti
GeForce GTX 1080 Ti
GeForce GTX 1080 Ti
GeForce GTX 1080 Ti
GeForce GTX 1080 Ti
GeForce GTX 1080 Ti
GeForce GTX 1080 Ti
entering mult, device: GeForce GTX 1080 Ti (0xf81cf0)
entering mult, device: GeForce GTX 1080 Ti (0xf814f0)
entering mult, device: GeForce GTX 1080 Ti (0xf824f0)
entering mult, device: GeForce GTX 1080 Ti (0xf79cb0)
entering mult, device: GeForce GTX 1080 Ti (0xf83170)
entering mult, device: GeForce GTX 1080 Ti (0xf82970)
entering mult, device: GeForce GTX 1080 Ti (0xf82730)
device: GeForce GTX 1080 Ti (0xf814f0)  kernel from: 0 to: 53248 -> range: 53248 (with blocking: 53248)
device: GeForce GTX 1080 Ti (0xf81cf0)  kernel from: 266240 to: 319488 -> range: 53248 (with blocking: 53248)
device: GeForce GTX 1080 Ti (0xf79cb0)  kernel from: 319488 to: 371968 -> range: 52480 (with blocking: 52480)
device: GeForce GTX 1080 Ti (0xf82730)  kernel from: 212992 to: 266240 -> range: 53248 (with blocking: 53248)
device: GeForce GTX 1080 Ti (0xf82970)  kernel from: 106496 to: 159744 -> range: 53248 (with blocking: 53248)
device: GeForce GTX 1080 Ti (0xf83170)  kernel from: 159744 to: 212992 -> range: 53248 (with blocking: 53248)
device: GeForce GTX 1080 Ti (0xf824f0)  kernel from: 53248 to: 106496 -> range: 53248 (with blocking: 53248)
device: GeForce GTX 1080 Ti (0xf81cf0) duration: 0.0332452
device: GeForce GTX 1080 Ti (0xf79cb0) duration: 0.0331336
device: GeForce GTX 1080 Ti (0xf814f0) duration: 0.033324
device: GeForce GTX 1080 Ti (0xf82730) duration: 0.0422738
device: GeForce GTX 1080 Ti (0xf83170) duration: 0.0419256
device: GeForce GTX 1080 Ti (0xf82970) duration: 0.0425738
device: GeForce GTX 1080 Ti (0xf824f0) duration: 0.0421919
duration mult ocl: 0.0575384
entering multTranspose, device: GeForce GTX 1080 Ti (0xf814f0)
entering multTranspose, device: GeForce GTX 1080 Ti (0xf824f0)
entering multTranspose, device: GeForce GTX 1080 Ti (0xf79cb0)
entering multTranspose, device: GeForce GTX 1080 Ti (0xf83170)
entering multTranspose, device: GeForce GTX 1080 Ti (0xf82730)
entering multTranspose, device: GeForce GTX 1080 Ti (0xf81cf0)
entering multTranspose, device: GeForce GTX 1080 Ti (0xf82970)
device: GeForce GTX 1080 Ti (0xf814f0)  kernel from: 0 to: 51328 -> range: 51328 (with blocking: 51328)
device: GeForce GTX 1080 Ti (0xf814f0) duration: 0.713085
duration multTranspose ocl: 0.719003
GeForce GTX 1080 Ti
GeForce GTX 1080 Ti
GeForce GTX 1080 Ti
GeForce GTX 1080 Ti
GeForce GTX 1080 Ti
GeForce GTX 1080 Ti
GeForce GTX 1080 Ti
entering mult, device: GeForce GTX 1080 Ti (0xf814f0)
entering mult, device: GeForce GTX 1080 Ti (0xf83170)
entering mult, device: GeForce GTX 1080 Ti (0xf79cb0)
entering mult, device: GeForce GTX 1080 Ti (0xf824f0)
entering mult, device: GeForce GTX 1080 Ti (0xf82970)
entering mult, device: GeForce GTX 1080 Ti (0xf81cf0)
entering mult, device: GeForce GTX 1080 Ti (0xf82730)
device: GeForce GTX 1080 Ti (0xf814f0)  kernel from: 0 to: 53248 -> range: 53248 (with blocking: 53248)
device: GeForce GTX 1080 Ti (0xf82970)  kernel from: 106496 to: 159744 -> range: 53248 (with blocking: 53248)
device: GeForce GTX 1080 Ti (0xf79cb0)  kernel from: 212992 to: 266240 -> range: 53248 (with blocking: 53248)
device: GeForce GTX 1080 Ti (0xf81cf0)  kernel from: 319488 to: 371968 -> range: 52480 (with blocking: 52480)
device: GeForce GTX 1080 Ti (0xf82730)  kernel from: 159744 to: 212992 -> range: 53248 (with blocking: 53248)
device: GeForce GTX 1080 Ti (0xf83170)  kernel from: 266240 to: 319488 -> range: 53248 (with blocking: 53248)
device: GeForce GTX 1080 Ti (0xf824f0)  kernel from: 53248 to: 106496 -> range: 53248 (with blocking: 53248)
device: GeForce GTX 1080 Ti (0xf79cb0) duration: 0.0331039
device: GeForce GTX 1080 Ti (0xf81cf0) duration: 0.0332237
device: GeForce GTX 1080 Ti (0xf814f0) duration: 0.0332995
device: GeForce GTX 1080 Ti (0xf83170) duration: 0.04194
device: GeForce GTX 1080 Ti (0xf82730) duration: 0.0421202
device: GeForce GTX 1080 Ti (0xf824f0) duration: 0.042112
device: GeForce GTX 1080 Ti (0xf82970) duration: 0.0424673
duration mult ocl: 0.0520827
entering multTranspose, device: GeForce GTX 1080 Ti (0xf814f0)
entering multTranspose, device: GeForce GTX 1080 Ti (0xf83170)
entering multTranspose, device: GeForce GTX 1080 Ti (0xf79cb0)
entering multTranspose, device: GeForce GTX 1080 Ti (0xf81cf0)
entering multTranspose, device: GeForce GTX 1080 Ti (0xf82970)
entering multTranspose, device: GeForce GTX 1080 Ti (0xf824f0)
entering multTranspose, device: GeForce GTX 1080 Ti (0xf82730)
device: GeForce GTX 1080 Ti (0xf814f0)  kernel from: 0 to: 51328 -> range: 51328 (with blocking: 51328)
device: GeForce GTX 1080 Ti (0xf814f0) duration: 0.712705
duration multTranspose ocl: 0.71889
GeForce GTX 1080 Ti
GeForce GTX 1080 Ti
GeForce GTX 1080 Ti
GeForce GTX 1080 Ti
GeForce GTX 1080 Ti
GeForce GTX 1080 Ti
GeForce GTX 1080 Ti
entering mult, device: GeForce GTX 1080 Ti (0xf83170)
entering mult, device: GeForce GTX 1080 Ti (0xf82730)
entering mult, device: GeForce GTX 1080 Ti (0xf824f0)
entering mult, device: GeForce GTX 1080 Ti (0xf814f0)
entering mult, device: GeForce GTX 1080 Ti (0xf82970)
entering mult, device: GeForce GTX 1080 Ti (0xf81cf0)
entering mult, device: GeForce GTX 1080 Ti (0xf79cb0)
device: GeForce GTX 1080 Ti (0xf814f0)  kernel from: 0 to: 53248 -> range: 53248 (with blocking: 53248)
device: GeForce GTX 1080 Ti (0xf79cb0)  kernel from: 159744 to: 212992 -> range: 53248 (with blocking: 53248)
device: GeForce GTX 1080 Ti (0xf82730)  kernel from: 106496 to: 159744 -> range: 53248 (with blocking: 53248)
device: GeForce GTX 1080 Ti (0xf81cf0)  kernel from: 212992 to: 266240 -> range: 53248 (with blocking: 53248)
device: GeForce GTX 1080 Ti (0xf83170)  kernel from: 266240 to: 319488 -> range: 53248 (with blocking: 53248)
device: GeForce GTX 1080 Ti (0xf824f0)  kernel from: 53248 to: 106496 -> range: 53248 (with blocking: 53248)
device: GeForce GTX 1080 Ti (0xf82970)  kernel from: 319488 to: 371968 -> range: 52480 (with blocking: 52480)
device: GeForce GTX 1080 Ti (0xf79cb0) duration: 0.0331387
device: GeForce GTX 1080 Ti (0xf814f0) duration: 0.0332964
device: GeForce GTX 1080 Ti (0xf81cf0) duration: 0.033239
device: GeForce GTX 1080 Ti (0xf83170) duration: 0.0419379
device: GeForce GTX 1080 Ti (0xf82730) duration: 0.042162
device: GeForce GTX 1080 Ti (0xf824f0) duration: 0.0422001
device: GeForce GTX 1080 Ti (0xf82970) duration: 0.0425155
duration mult ocl: 0.0573095
entering multTranspose, device: GeForce GTX 1080 Ti (0xf824f0)
entering multTranspose, device: GeForce GTX 1080 Ti (0xf82970)
entering multTranspose, device: GeForce GTX 1080 Ti (0xf81cf0)
entering multTranspose, device: GeForce GTX 1080 Ti (0xf79cb0)
entering multTranspose, device: GeForce GTX 1080 Ti (0xf814f0)
entering multTranspose, device: GeForce GTX 1080 Ti (0xf82730)
entering multTranspose, device: GeForce GTX 1080 Ti (0xf83170)
device: GeForce GTX 1080 Ti (0xf82730)  kernel from: 0 to: 51328 -> range: 51328 (with blocking: 51328)
device: GeForce GTX 1080 Ti (0xf82730) duration: 0.75494
duration multTranspose ocl: 0.772298
GeForce GTX 1080 Ti
GeForce GTX 1080 Ti
GeForce GTX 1080 Ti
GeForce GTX 1080 Ti
GeForce GTX 1080 Ti
GeForce GTX 1080 Ti
GeForce GTX 1080 Ti
entering mult, device: GeForce GTX 1080 Ti (0xf82730)
entering mult, device: GeForce GTX 1080 Ti (0xf79cb0)
entering mult, device: GeForce GTX 1080 Ti (0xf824f0)
entering mult, device: GeForce GTX 1080 Ti (0xf82970)
entering mult, device: GeForce GTX 1080 Ti (0xf81cf0)
entering mult, device: GeForce GTX 1080 Ti (0xf814f0)
entering mult, device: GeForce GTX 1080 Ti (0xf83170)
device: GeForce GTX 1080 Ti (0xf824f0)  kernel from: 212992 to: 266240 -> range: 53248 (with blocking: 53248)
device: GeForce GTX 1080 Ti (0xf82730)  kernel from: 159744 to: 212992 -> range: 53248 (with blocking: 53248)
device: GeForce GTX 1080 Ti (0xf82970)  kernel from: 0 to: 53248 -> range: 53248 (with blocking: 53248)
device: GeForce GTX 1080 Ti (0xf814f0)  kernel from: 319488 to: 371968 -> range: 52480 (with blocking: 52480)
device: GeForce GTX 1080 Ti (0xf81cf0)  kernel from: 106496 to: 159744 -> range: 53248 (with blocking: 53248)
device: GeForce GTX 1080 Ti (0xf79cb0)  kernel from: 266240 to: 319488 -> range: 53248 (with blocking: 53248)
device: GeForce GTX 1080 Ti (0xf83170)  kernel from: 53248 to: 106496 -> range: 53248 (with blocking: 53248)
device: GeForce GTX 1080 Ti (0xf82730) duration: 0.032943
device: GeForce GTX 1080 Ti (0xf79cb0) duration: 0.03315
device: GeForce GTX 1080 Ti (0xf81cf0) duration: 0.0332483
device: GeForce GTX 1080 Ti (0xf814f0) duration: 0.0332851
device: GeForce GTX 1080 Ti (0xf824f0) duration: 0.042157
device: GeForce GTX 1080 Ti (0xf83170) duration: 0.0419287
device: GeForce GTX 1080 Ti (0xf82970) duration: 0.0425441
duration mult ocl: 0.0615437
entering multTranspose, device: GeForce GTX 1080 Ti (0xf824f0)
entering multTranspose, device: GeForce GTX 1080 Ti (0xf81cf0)
entering multTranspose, device: GeForce GTX 1080 Ti (0xf82970)
entering multTranspose, device: GeForce GTX 1080 Ti (0xf79cb0)
entering multTranspose, device: GeForce GTX 1080 Ti (0xf814f0)
entering multTranspose, device: GeForce GTX 1080 Ti (0xf82730)
entering multTranspose, device: GeForce GTX 1080 Ti (0xf83170)
device: GeForce GTX 1080 Ti (0xf82970)  kernel from: 0 to: 51328 -> range: 51328 (with blocking: 51328)
device: GeForce GTX 1080 Ti (0xf82970) duration: 0.740189
duration multTranspose ocl: 0.756355
GeForce GTX 1080 Ti
GeForce GTX 1080 Ti
GeForce GTX 1080 Ti
GeForce GTX 1080 Ti
GeForce GTX 1080 Ti
GeForce GTX 1080 Ti
GeForce GTX 1080 Ti
entering mult, device: GeForce GTX 1080 Ti (0xf82970)
entering mult, device: GeForce GTX 1080 Ti (0xf79cb0)
entering mult, device: GeForce GTX 1080 Ti (0xf83170)
entering mult, device: GeForce GTX 1080 Ti (0xf814f0)
entering mult, device: GeForce GTX 1080 Ti (0xf81cf0)
entering mult, device: GeForce GTX 1080 Ti (0xf824f0)
entering mult, device: GeForce GTX 1080 Ti (0xf82730)
device: GeForce GTX 1080 Ti (0xf82970)  kernel from: 0 to: 53248 -> range: 53248 (with blocking: 53248)
device: GeForce GTX 1080 Ti (0xf82730)  kernel from: 106496 to: 159744 -> range: 53248 (with blocking: 53248)
device: GeForce GTX 1080 Ti (0xf814f0)  kernel from: 53248 to: 106496 -> range: 53248 (with blocking: 53248)
device: GeForce GTX 1080 Ti (0xf81cf0)  kernel from: 159744 to: 212992 -> range: 53248 (with blocking: 53248)
device: GeForce GTX 1080 Ti (0xf824f0)  kernel from: 266240 to: 319488 -> range: 53248 (with blocking: 53248)
device: GeForce GTX 1080 Ti (0xf79cb0)  kernel from: 212992 to: 266240 -> range: 53248 (with blocking: 53248)
device: GeForce GTX 1080 Ti (0xf83170)  kernel from: 319488 to: 371968 -> range: 52480 (with blocking: 52480)
device: GeForce GTX 1080 Ti (0xf82970) duration: 0.0326093
device: GeForce GTX 1080 Ti (0xf82730) duration: 0.0328816
device: GeForce GTX 1080 Ti (0xf79cb0) duration: 0.0331131
device: GeForce GTX 1080 Ti (0xf814f0) duration: 0.0333076
device: GeForce GTX 1080 Ti (0xf81cf0) duration: 0.0420434
device: GeForce GTX 1080 Ti (0xf83170) duration: 0.0419338
device: GeForce GTX 1080 Ti (0xf824f0) duration: 0.0422286
duration mult ocl: 0.0598945
entering multTranspose, device: GeForce GTX 1080 Ti (0xf82970)
entering multTranspose, device: GeForce GTX 1080 Ti (0xf814f0)
entering multTranspose, device: GeForce GTX 1080 Ti (0xf81cf0)
entering multTranspose, device: GeForce GTX 1080 Ti (0xf79cb0)
entering multTranspose, device: GeForce GTX 1080 Ti (0xf83170)
entering multTranspose, device: GeForce GTX 1080 Ti (0xf824f0)
entering multTranspose, device: GeForce GTX 1080 Ti (0xf82730)
device: GeForce GTX 1080 Ti (0xf81cf0)  kernel from: 0 to: 51328 -> range: 51328 (with blocking: 51328)
device: GeForce GTX 1080 Ti (0xf81cf0) duration: 0.760389
duration multTranspose ocl: 0.76637
GeForce GTX 1080 Ti
GeForce GTX 1080 Ti
GeForce GTX 1080 Ti
GeForce GTX 1080 Ti
GeForce GTX 1080 Ti
GeForce GTX 1080 Ti
GeForce GTX 1080 Ti
entering mult, device: GeForce GTX 1080 Ti (0xf81cf0)
entering mult, device: GeForce GTX 1080 Ti (0xf82730)
entering mult, device: GeForce GTX 1080 Ti (0xf82970)
entering mult, device: GeForce GTX 1080 Ti (0xf814f0)
entering mult, device: GeForce GTX 1080 Ti (0xf824f0)
entering mult, device: GeForce GTX 1080 Ti (0xf79cb0)
entering mult, device: GeForce GTX 1080 Ti (0xf83170)
device: GeForce GTX 1080 Ti (0xf81cf0)  kernel from: 53248 to: 106496 -> range: 53248 (with blocking: 53248)
device: GeForce GTX 1080 Ti (0xf814f0)  kernel from: 266240 to: 319488 -> range: 53248 (with blocking: 53248)
device: GeForce GTX 1080 Ti (0xf79cb0)  kernel from: 159744 to: 212992 -> range: 53248 (with blocking: 53248)
device: GeForce GTX 1080 Ti (0xf82730)  kernel from: 0 to: 53248 -> range: 53248 (with blocking: 53248)
device: GeForce GTX 1080 Ti (0xf82970)  kernel from: 319488 to: 371968 -> range: 52480 (with blocking: 52480)
device: GeForce GTX 1080 Ti (0xf824f0)  kernel from: 212992 to: 266240 -> range: 53248 (with blocking: 53248)
device: GeForce GTX 1080 Ti (0xf83170)  kernel from: 106496 to: 159744 -> range: 53248 (with blocking: 53248)
device: GeForce GTX 1080 Ti (0xf82970) duration: 0.0326277
device: GeForce GTX 1080 Ti (0xf81cf0) duration: 0.0332349
device: GeForce GTX 1080 Ti (0xf79cb0) duration: 0.0331294
device: GeForce GTX 1080 Ti (0xf82730) duration: 0.03294
device: GeForce GTX 1080 Ti (0xf814f0) duration: 0.0333015
device: GeForce GTX 1080 Ti (0xf83170) duration: 0.0418519
device: GeForce GTX 1080 Ti (0xf824f0) duration: 0.0420966
duration mult ocl: 0.0553875
entering multTranspose, device: GeForce GTX 1080 Ti (0xf82970)
entering multTranspose, device: GeForce GTX 1080 Ti (0xf79cb0)
entering multTranspose, device: GeForce GTX 1080 Ti (0xf83170)
entering multTranspose, device: GeForce GTX 1080 Ti (0xf814f0)
entering multTranspose, device: GeForce GTX 1080 Ti (0xf81cf0)
entering multTranspose, device: GeForce GTX 1080 Ti (0xf824f0)
entering multTranspose, device: GeForce GTX 1080 Ti (0xf82730)
device: GeForce GTX 1080 Ti (0xf83170)  kernel from: 0 to: 51328 -> range: 51328 (with blocking: 51328)
device: GeForce GTX 1080 Ti (0xf83170) duration: 0.740975
duration multTranspose ocl: 0.756749
GeForce GTX 1080 Ti
GeForce GTX 1080 Ti
GeForce GTX 1080 Ti
GeForce GTX 1080 Ti
GeForce GTX 1080 Ti
GeForce GTX 1080 Ti
GeForce GTX 1080 Ti
entering mult, device: GeForce GTX 1080 Ti (0xf83170)
entering mult, device: GeForce GTX 1080 Ti (0xf82730)
entering mult, device: GeForce GTX 1080 Ti (0xf824f0)
entering mult, device: GeForce GTX 1080 Ti (0xf82970)
entering mult, device: GeForce GTX 1080 Ti (0xf814f0)
entering mult, device: GeForce GTX 1080 Ti (0xf79cb0)
entering mult, device: GeForce GTX 1080 Ti (0xf81cf0)
device: GeForce GTX 1080 Ti (0xf814f0)  kernel from: 0 to: 53248 -> range: 53248 (with blocking: 53248)
device: GeForce GTX 1080 Ti (0xf82970)  kernel from: 266240 to: 319488 -> range: 53248 (with blocking: 53248)
device: GeForce GTX 1080 Ti (0xf83170)  kernel from: 53248 to: 106496 -> range: 53248 (with blocking: 53248)
device: GeForce GTX 1080 Ti (0xf81cf0)  kernel from: 159744 to: 212992 -> range: 53248 (with blocking: 53248)
device: GeForce GTX 1080 Ti (0xf79cb0)  kernel from: 106496 to: 159744 -> range: 53248 (with blocking: 53248)
device: GeForce GTX 1080 Ti (0xf82730)  kernel from: 319488 to: 371968 -> range: 52480 (with blocking: 52480)
device: GeForce GTX 1080 Ti (0xf824f0)  kernel from: 212992 to: 266240 -> range: 53248 (with blocking: 53248)
device: GeForce GTX 1080 Ti (0xf83170) duration: 0.0337377
device: GeForce GTX 1080 Ti (0xf82970) duration: 0.0326349
device: GeForce GTX 1080 Ti (0xf79cb0) duration: 0.03315
device: GeForce GTX 1080 Ti (0xf82730) duration: 0.0328868
device: GeForce GTX 1080 Ti (0xf81cf0) duration: 0.0332493
device: GeForce GTX 1080 Ti (0xf814f0) duration: 0.0421151
device: GeForce GTX 1080 Ti (0xf824f0) duration: 0.04224
duration mult ocl: 0.0536722
entering multTranspose, device: GeForce GTX 1080 Ti (0xf82730)
entering multTranspose, device: GeForce GTX 1080 Ti (0xf824f0)
entering multTranspose, device: GeForce GTX 1080 Ti (0xf82970)
entering multTranspose, device: GeForce GTX 1080 Ti (0xf79cb0)
entering multTranspose, device: GeForce GTX 1080 Ti (0xf814f0)
entering multTranspose, device: GeForce GTX 1080 Ti (0xf81cf0)
entering multTranspose, device: GeForce GTX 1080 Ti (0xf83170)
device: GeForce GTX 1080 Ti (0xf824f0)  kernel from: 0 to: 51328 -> range: 51328 (with blocking: 51328)
device: GeForce GTX 1080 Ti (0xf824f0) duration: 0.744738
duration multTranspose ocl: 0.76169
GeForce GTX 1080 Ti
GeForce GTX 1080 Ti
GeForce GTX 1080 Ti
GeForce GTX 1080 Ti
GeForce GTX 1080 Ti
GeForce GTX 1080 Ti
GeForce GTX 1080 Ti
entering mult, device: GeForce GTX 1080 Ti (0xf824f0)
entering mult, device: GeForce GTX 1080 Ti (0xf81cf0)
entering mult, device: GeForce GTX 1080 Ti (0xf82730)
entering mult, device: GeForce GTX 1080 Ti (0xf79cb0)
entering mult, device: GeForce GTX 1080 Ti (0xf814f0)
entering mult, device: GeForce GTX 1080 Ti (0xf83170)
entering mult, device: GeForce GTX 1080 Ti (0xf82970)
device: GeForce GTX 1080 Ti (0xf83170)  kernel from: 106496 to: 159744 -> range: 53248 (with blocking: 53248)
device: GeForce GTX 1080 Ti (0xf82730)  kernel from: 266240 to: 319488 -> range: 53248 (with blocking: 53248)
device: GeForce GTX 1080 Ti (0xf82970)  kernel from: 212992 to: 266240 -> range: 53248 (with blocking: 53248)
device: GeForce GTX 1080 Ti (0xf824f0)  kernel from: 319488 to: 371968 -> range: 52480 (with blocking: 52480)
device: GeForce GTX 1080 Ti (0xf814f0)  kernel from: 159744 to: 212992 -> range: 53248 (with blocking: 53248)
device: GeForce GTX 1080 Ti (0xf79cb0)  kernel from: 53248 to: 106496 -> range: 53248 (with blocking: 53248)
device: GeForce GTX 1080 Ti (0xf81cf0)  kernel from: 0 to: 53248 -> range: 53248 (with blocking: 53248)
device: GeForce GTX 1080 Ti (0xf82970) duration: 0.0326226
device: GeForce GTX 1080 Ti (0xf79cb0) duration: 0.0331233
device: GeForce GTX 1080 Ti (0xf83170) duration: 0.0336906
device: GeForce GTX 1080 Ti (0xf81cf0) duration: 0.0332339
device: GeForce GTX 1080 Ti (0xf824f0) duration: 0.0333373
device: GeForce GTX 1080 Ti (0xf814f0) duration: 0.0420403
device: GeForce GTX 1080 Ti (0xf82730) duration: 0.0421817
duration mult ocl: 0.0516065
entering multTranspose, device: GeForce GTX 1080 Ti (0xf82730)
entering multTranspose, device: GeForce GTX 1080 Ti (0xf82970)
entering multTranspose, device: GeForce GTX 1080 Ti (0xf81cf0)
entering multTranspose, device: GeForce GTX 1080 Ti (0xf79cb0)
entering multTranspose, device: GeForce GTX 1080 Ti (0xf814f0)
entering multTranspose, device: GeForce GTX 1080 Ti (0xf824f0)
entering multTranspose, device: GeForce GTX 1080 Ti (0xf83170)
device: GeForce GTX 1080 Ti (0xf824f0)  kernel from: 0 to: 51328 -> range: 51328 (with blocking: 51328)
device: GeForce GTX 1080 Ti (0xf824f0) duration: 0.711981
duration multTranspose ocl: 0.717756
GeForce GTX 1080 Ti
GeForce GTX 1080 Ti
GeForce GTX 1080 Ti
GeForce GTX 1080 Ti
GeForce GTX 1080 Ti
GeForce GTX 1080 Ti
GeForce GTX 1080 Ti
entering mult, device: GeForce GTX 1080 Ti (0xf824f0)
entering mult, device: GeForce GTX 1080 Ti (0xf81cf0)
entering mult, device: GeForce GTX 1080 Ti (0xf82730)
entering mult, device: GeForce GTX 1080 Ti (0xf82970)
entering mult, device: GeForce GTX 1080 Ti (0xf814f0)
entering mult, device: GeForce GTX 1080 Ti (0xf83170)
entering mult, device: GeForce GTX 1080 Ti (0xf79cb0)
device: GeForce GTX 1080 Ti (0xf81cf0)  kernel from: 0 to: 53248 -> range: 53248 (with blocking: 53248)
device: GeForce GTX 1080 Ti (0xf824f0)  kernel from: 266240 to: 319488 -> range: 53248 (with blocking: 53248)
device: GeForce GTX 1080 Ti (0xf82970)  kernel from: 212992 to: 266240 -> range: 53248 (with blocking: 53248)
device: GeForce GTX 1080 Ti (0xf82730)  kernel from: 159744 to: 212992 -> range: 53248 (with blocking: 53248)
device: GeForce GTX 1080 Ti (0xf79cb0)  kernel from: 53248 to: 106496 -> range: 53248 (with blocking: 53248)
device: GeForce GTX 1080 Ti (0xf83170)  kernel from: 106496 to: 159744 -> range: 53248 (with blocking: 53248)
device: GeForce GTX 1080 Ti (0xf814f0)  kernel from: 319488 to: 371968 -> range: 52480 (with blocking: 52480)
device: GeForce GTX 1080 Ti (0xf824f0) duration: 0.0333629
device: GeForce GTX 1080 Ti (0xf81cf0) duration: 0.0332472
device: GeForce GTX 1080 Ti (0xf79cb0) duration: 0.033108
device: GeForce GTX 1080 Ti (0xf83170) duration: 0.0336845
device: GeForce GTX 1080 Ti (0xf82730) duration: 0.0421898
device: GeForce GTX 1080 Ti (0xf814f0) duration: 0.0420772
device: GeForce GTX 1080 Ti (0xf82970) duration: 0.0425492
duration mult ocl: 0.0563321
entering multTranspose, device: GeForce GTX 1080 Ti (0xf83170)
entering multTranspose, device: GeForce GTX 1080 Ti (0xf82970)
entering multTranspose, device: GeForce GTX 1080 Ti (0xf824f0)
entering multTranspose, device: GeForce GTX 1080 Ti (0xf81cf0)
entering multTranspose, device: GeForce GTX 1080 Ti (0xf82730)
entering multTranspose, device: GeForce GTX 1080 Ti (0xf79cb0)
entering multTranspose, device: GeForce GTX 1080 Ti (0xf814f0)
device: GeForce GTX 1080 Ti (0xf83170)  kernel from: 0 to: 51328 -> range: 51328 (with blocking: 51328)
device: GeForce GTX 1080 Ti (0xf83170) duration: 0.719782
duration multTranspose ocl: 0.726057
GeForce GTX 1080 Ti
GeForce GTX 1080 Ti
GeForce GTX 1080 Ti
GeForce GTX 1080 Ti
GeForce GTX 1080 Ti
GeForce GTX 1080 Ti
GeForce GTX 1080 Ti
entering mult, device: GeForce GTX 1080 Ti (0xf83170)
entering mult, device: GeForce GTX 1080 Ti (0xf82970)
entering mult, device: GeForce GTX 1080 Ti (0xf824f0)
entering mult, device: GeForce GTX 1080 Ti (0xf81cf0)
entering mult, device: GeForce GTX 1080 Ti (0xf82730)
entering mult, device: GeForce GTX 1080 Ti (0xf814f0)
entering mult, device: GeForce GTX 1080 Ti (0xf79cb0)
device: GeForce GTX 1080 Ti (0xf82970)  kernel from: 0 to: 53248 -> range: 53248 (with blocking: 53248)
device: GeForce GTX 1080 Ti (0xf83170)  kernel from: 266240 to: 319488 -> range: 53248 (with blocking: 53248)
device: GeForce GTX 1080 Ti (0xf824f0)  kernel from: 106496 to: 159744 -> range: 53248 (with blocking: 53248)
device: GeForce GTX 1080 Ti (0xf814f0)  kernel from: 159744 to: 212992 -> range: 53248 (with blocking: 53248)
device: GeForce GTX 1080 Ti (0xf82730)  kernel from: 319488 to: 371968 -> range: 52480 (with blocking: 52480)
