./datadriven/examplesOCL/regression_cmd --trainingFileName ../../DissertationCodeGTX/datasets/DR5/DR5_nowarnings_less05_train.arff --testFileName ../../DissertationCodeGTX/datasets/DR5/DR5_nowarnings_less05_test.arff --learnerMode LEARNTEST --grid.level 10 --lambda 1E-5 --grid.type ModLinear --verbose true --additionalConfig results_diss/DR5_scaling_ocl_float_gtx1080ti_4.cfg --operation.type STREAMING --operation.subType OCLFASTMP --solverFinal.maxIterations 500 --solverFinal.eps 0 --isRegression true --adaptConfig.support_refinement_min_support 500 --adaptConfig.support_refinement_ocl_config results_diss/DR5_scaling_ocl_float_gtx1080ti_4.cfg --adaptConfig.use_support_refinement --do_dummy_ocl_init
OCL Info: 2 OpenCL platforms have been found
OCL Info: detected platform, name: "Intel(R) OpenCL"
OCL Info: detected platform vendor name: "Intel(R) Corporation"
OCL Info: platform not configured, skipping...
OCL Info: detected platform, name: "NVIDIA CUDA"
OCL Info: detected platform vendor name: "NVIDIA Corporation"
OCL Info: using platform, name: "NVIDIA CUDA"
OCL Info: platform device count: 8
OCL Info: detected device, name: "GeForce GTX 1080 Ti"
OCL Info: using device, name: "GeForce GTX 1080 Ti"
OCL Info: detected device, name: "GeForce GTX 1080 Ti"
OCL Info: using device, name: "GeForce GTX 1080 Ti"
OCL Info: detected device, name: "GeForce GTX 1080 Ti"
OCL Info: using device, name: "GeForce GTX 1080 Ti"
OCL Info: detected device, name: "GeForce GTX 1080 Ti"
OCL Info: using device, name: "GeForce GTX 1080 Ti"
OCL Info: detected device, name: "GeForce GTX 1080 Ti"
OCL Info: detected device, name: "GeForce GTX 1080 Ti"
OCL Info: detected device, name: "GeForce GTX 1080 Ti"
OCL Info: detected device, name: "GeForce GTX 1080 Ti"
ocl dummy initalization duration: 7.58617
instances: 371908
support_refinement_min_support:500
OCL Info: 2 OpenCL platforms have been found
OCL Info: detected platform, name: "Intel(R) OpenCL"
OCL Info: detected platform vendor name: "Intel(R) Corporation"
OCL Info: platform not configured, skipping...
OCL Info: detected platform, name: "NVIDIA CUDA"
OCL Info: detected platform vendor name: "NVIDIA Corporation"
OCL Info: using platform, name: "NVIDIA CUDA"
OCL Info: platform device count: 8
OCL Info: detected device, name: "GeForce GTX 1080 Ti"
OCL Info: using device, name: "GeForce GTX 1080 Ti"
OCL Info: detected device, name: "GeForce GTX 1080 Ti"
OCL Info: using device, name: "GeForce GTX 1080 Ti"
OCL Info: detected device, name: "GeForce GTX 1080 Ti"
OCL Info: using device, name: "GeForce GTX 1080 Ti"
OCL Info: detected device, name: "GeForce GTX 1080 Ti"
OCL Info: using device, name: "GeForce GTX 1080 Ti"
OCL Info: detected device, name: "GeForce GTX 1080 Ti"
OCL Info: detected device, name: "GeForce GTX 1080 Ti"
OCL Info: detected device, name: "GeForce GTX 1080 Ti"
OCL Info: detected device, name: "GeForce GTX 1080 Ti"
ocl_init_duration: 1.23661
warning: support refinement: more than one device configured, using first device only!
building kernel: verify_support
building with optimization flags: 
--- Begin Build Log ---


--- End Build Log ---
num_candidates: 1
num_candidates: 1 num_candidates_padded: 256 grid_size: 256 block_size: 256
duration (s): 0.308316
candidates with support: 1
num_candidates: 10
num_candidates: 10 num_candidates_padded: 256 grid_size: 256 block_size: 256
duration (s): 0.268751
candidates with support: 10
num_candidates: 60
num_candidates: 60 num_candidates_padded: 256 grid_size: 256 block_size: 256
duration (s): 0.274907
candidates with support: 52
num_candidates: 236
num_candidates: 236 num_candidates_padded: 256 grid_size: 256 block_size: 256
duration (s): 0.276925
candidates with support: 181
num_candidates: 706
num_candidates: 706 num_candidates_padded: 768 grid_size: 768 block_size: 256
duration (s): 0.277974
candidates with support: 503
num_candidates: 1786
num_candidates: 1786 num_candidates_padded: 1792 grid_size: 1792 block_size: 256
duration (s): 0.279229
candidates with support: 1241
num_candidates: 4140
num_candidates: 4140 num_candidates_padded: 4352 grid_size: 4352 block_size: 256
duration (s): 0.279474
candidates with support: 2886
num_candidates: 9216
num_candidates: 9216 num_candidates_padded: 9216 grid_size: 9216 block_size: 256
duration (s): 0.315306
candidates with support: 6397
num_candidates: 19682
num_candidates: 19682 num_candidates_padded: 19712 grid_size: 19712 block_size: 256
duration (s): 0.408457
candidates with support: 13464
num_candidates: 40066
num_candidates: 40066 num_candidates_padded: 40192 grid_size: 40192 block_size: 256
duration (s): 0.783824
candidates with support: 26558
datadriven refinement done, grid size: 51293
creating createOperationMultipleEval type: DEFAULT, using base operator factory
creating createOperationMultipleEval grid: ModLinear type: STREAMING subType: OCLFASTMP
OCL Info: 2 OpenCL platforms have been found
OCL Info: detected platform, name: "Intel(R) OpenCL"
OCL Info: detected platform vendor name: "Intel(R) Corporation"
OCL Info: detected platform, name: "NVIDIA CUDA"
OCL Info: detected platform vendor name: "NVIDIA Corporation"
OCL Info: using platform, name: "NVIDIA CUDA"
OCL Info: detected device, name: "GeForce GTX 1080 Ti"
OCL Info: using device, name: "GeForce GTX 1080 Ti"
OCL Info: detected device, name: "GeForce GTX 1080 Ti"
OCL Info: using device, name: "GeForce GTX 1080 Ti"
OCL Info: detected device, name: "GeForce GTX 1080 Ti"
OCL Info: using device, name: "GeForce GTX 1080 Ti"
OCL Info: detected device, name: "GeForce GTX 1080 Ti"
OCL Info: using device, name: "GeForce GTX 1080 Ti"
OCL Info: detected device, name: "GeForce GTX 1080 Ti"
OCL Info: detected device, name: "GeForce GTX 1080 Ti"
OCL Info: detected device, name: "GeForce GTX 1080 Ti"
OCL Info: detected device, name: "GeForce GTX 1080 Ti"
Starting Learning....

Doing refinement: 0
Grid Size: 51293
entering multTranspose, device: GeForce GTX 1080 Ti (0xbb8cf0)
entering multTranspose, device: GeForce GTX 1080 Ti (0xbb9730)
entering multTranspose, device: GeForce GTX 1080 Ti (0xbb0cb0)
entering multTranspose, device: GeForce GTX 1080 Ti (0xbb84f0)
building with optimization flags: building with optimization flags: 
building with optimization flags: 

building with optimization flags: 
--- Begin Build Log ---


--- End Build Log ---
--- Begin Build Log ---


--- End Build Log ---
--- Begin Build Log ---


--- End Build Log ---
--- Begin Build Log ---


--- End Build Log ---
device: GeForce GTX 1080 Ti (0xbb84f0)  kernel from: 0 to: 51328 -> range: 51328 (with blocking: 51328)
device: GeForce GTX 1080 Ti (0xbb84f0) duration: 0.748972
duration multTranspose ocl: 0.865518
GeForce GTX 1080 Ti
GeForce GTX 1080 Ti
GeForce GTX 1080 Ti
GeForce GTX 1080 Ti
entering mult, device: GeForce GTX 1080 Ti (0xbb84f0)
entering mult, device: GeForce GTX 1080 Ti (0xbb0cb0)
entering mult, device: GeForce GTX 1080 Ti (0xbb8cf0)
entering mult, device: GeForce GTX 1080 Ti (0xbb9730)
building with optimization flags: 
building with optimization flags: 
building with optimization flags: 
building with optimization flags: 
--- Begin Build Log ---


--- End Build Log ---
--- Begin Build Log ---


--- End Build Log ---
--- Begin Build Log ---


--- End Build Log ---
--- Begin Build Log ---


--- End Build Log ---
device: GeForce GTX 1080 Ti (0xbb84f0)  kernel from: 0 to: 93056 -> range: 93056 (with blocking: 93056)
device: GeForce GTX 1080 Ti (0xbb0cb0)  kernel from: 279168 to: 371968 -> range: 92800 (with blocking: 92800)
device: GeForce GTX 1080 Ti (0xbb8cf0)  kernel from: 186112 to: 279168 -> range: 93056 (with blocking: 93056)
device: GeForce GTX 1080 Ti (0xbb9730)  kernel from: 93056 to: 186112 -> range: 93056 (with blocking: 93056)
device: GeForce GTX 1080 Ti (0xbb84f0) duration: 0.0616569
device: GeForce GTX 1080 Ti (0xbb0cb0) duration: 0.06298
device: GeForce GTX 1080 Ti (0xbb9730) duration: 0.0756439
device: GeForce GTX 1080 Ti (0xbb8cf0) duration: 0.0779725
duration mult ocl: 0.196334
entering multTranspose, device: GeForce GTX 1080 Ti (0xbb9730)
entering multTranspose, device: GeForce GTX 1080 Ti (0xbb8cf0)
entering multTranspose, device: GeForce GTX 1080 Ti (0xbb0cb0)
entering multTranspose, device: GeForce GTX 1080 Ti (0xbb84f0)
device: GeForce GTX 1080 Ti (0xbb8cf0)  kernel from: 0 to: 51328 -> range: 51328 (with blocking: 51328)
device: GeForce GTX 1080 Ti (0xbb8cf0) duration: 0.723709
duration multTranspose ocl: 0.742679
GeForce GTX 1080 Ti
GeForce GTX 1080 Ti
GeForce GTX 1080 Ti
GeForce GTX 1080 Ti
entering mult, device: GeForce GTX 1080 Ti (0xbb8cf0)
entering mult, device: GeForce GTX 1080 Ti (0xbb0cb0)
entering mult, device: GeForce GTX 1080 Ti (0xbb84f0)
entering mult, device: GeForce GTX 1080 Ti (0xbb9730)
device: GeForce GTX 1080 Ti (0xbb9730)  kernel from: 0 to: 93056 -> range: 93056 (with blocking: 93056)
device: GeForce GTX 1080 Ti (0xbb8cf0)  kernel from: 93056 to: 186112 -> range: 93056 (with blocking: 93056)
device: GeForce GTX 1080 Ti (0xbb0cb0)  kernel from: 186112 to: 279168 -> range: 93056 (with blocking: 93056)
device: GeForce GTX 1080 Ti (0xbb84f0)  kernel from: 279168 to: 371968 -> range: 92800 (with blocking: 92800)
device: GeForce GTX 1080 Ti (0xbb8cf0) duration: 0.0616387
device: GeForce GTX 1080 Ti (0xbb84f0) duration: 0.0616827
device: GeForce GTX 1080 Ti (0xbb0cb0) duration: 0.0629688
device: GeForce GTX 1080 Ti (0xbb9730) duration: 0.0756142
duration mult ocl: 0.0864707
entering multTranspose, device: GeForce GTX 1080 Ti (0xbb84f0)
entering multTranspose, device: GeForce GTX 1080 Ti (0xbb9730)
entering multTranspose, device: GeForce GTX 1080 Ti (0xbb0cb0)
entering multTranspose, device: GeForce GTX 1080 Ti (0xbb8cf0)
device: GeForce GTX 1080 Ti (0xbb84f0)  kernel from: 0 to: 51328 -> range: 51328 (with blocking: 51328)
device: GeForce GTX 1080 Ti (0xbb84f0) duration: 0.713771
duration multTranspose ocl: 0.71879
GeForce GTX 1080 Ti
GeForce GTX 1080 Ti
GeForce GTX 1080 Ti
GeForce GTX 1080 Ti
entering mult, device: GeForce GTX 1080 Ti (0xbb84f0)
entering mult, device: GeForce GTX 1080 Ti (0xbb8cf0)
entering mult, device: GeForce GTX 1080 Ti (0xbb9730)
entering mult, device: GeForce GTX 1080 Ti (0xbb0cb0)
device: GeForce GTX 1080 Ti (0xbb8cf0)  kernel from: 0 to: 93056 -> range: 93056 (with blocking: 93056)
device: GeForce GTX 1080 Ti (0xbb0cb0)  kernel from: 93056 to: 186112 -> range: 93056 (with blocking: 93056)
device: GeForce GTX 1080 Ti (0xbb84f0)  kernel from: 279168 to: 371968 -> range: 92800 (with blocking: 92800)
device: GeForce GTX 1080 Ti (0xbb9730)  kernel from: 186112 to: 279168 -> range: 93056 (with blocking: 93056)
device: GeForce GTX 1080 Ti (0xbb84f0) duration: 0.0616714
device: GeForce GTX 1080 Ti (0xbb8cf0) duration: 0.061568
device: GeForce GTX 1080 Ti (0xbb0cb0) duration: 0.062932
device: GeForce GTX 1080 Ti (0xbb9730) duration: 0.0782746
duration mult ocl: 0.0839312
entering multTranspose, device: GeForce GTX 1080 Ti (0xbb9730)
entering multTranspose, device: GeForce GTX 1080 Ti (0xbb84f0)
entering multTranspose, device: GeForce GTX 1080 Ti (0xbb0cb0)
entering multTranspose, device: GeForce GTX 1080 Ti (0xbb8cf0)
device: GeForce GTX 1080 Ti (0xbb9730)  kernel from: 0 to: 51328 -> range: 51328 (with blocking: 51328)
device: GeForce GTX 1080 Ti (0xbb9730) duration: 0.71487
duration multTranspose ocl: 0.740044
GeForce GTX 1080 Ti
GeForce GTX 1080 Ti
GeForce GTX 1080 Ti
GeForce GTX 1080 Ti
entering mult, device: GeForce GTX 1080 Ti (0xbb9730)
entering mult, device: GeForce GTX 1080 Ti (0xbb0cb0)
entering mult, device: GeForce GTX 1080 Ti (0xbb8cf0)
entering mult, device: GeForce GTX 1080 Ti (0xbb84f0)
device: GeForce GTX 1080 Ti (0xbb9730)  kernel from: 0 to: 93056 -> range: 93056 (with blocking: 93056)
device: GeForce GTX 1080 Ti (0xbb0cb0)  kernel from: 279168 to: 371968 -> range: 92800 (with blocking: 92800)
device: GeForce GTX 1080 Ti (0xbb8cf0)  kernel from: 93056 to: 186112 -> range: 93056 (with blocking: 93056)
device: GeForce GTX 1080 Ti (0xbb84f0)  kernel from: 186112 to: 279168 -> range: 93056 (with blocking: 93056)
device: GeForce GTX 1080 Ti (0xbb9730) duration: 0.0670966
device: GeForce GTX 1080 Ti (0xbb8cf0) duration: 0.0615956
device: GeForce GTX 1080 Ti (0xbb84f0) duration: 0.061695
device: GeForce GTX 1080 Ti (0xbb0cb0) duration: 0.0629228
duration mult ocl: 0.0792636
entering multTranspose, device: GeForce GTX 1080 Ti (0xbb8cf0)
entering multTranspose, device: GeForce GTX 1080 Ti (0xbb0cb0)
entering multTranspose, device: GeForce GTX 1080 Ti (0xbb9730)
entering multTranspose, device: GeForce GTX 1080 Ti (0xbb84f0)
device: GeForce GTX 1080 Ti (0xbb9730)  kernel from: 0 to: 51328 -> range: 51328 (with blocking: 51328)
device: GeForce GTX 1080 Ti (0xbb9730) duration: 0.706085
duration multTranspose ocl: 0.722833
GeForce GTX 1080 Ti
GeForce GTX 1080 Ti
GeForce GTX 1080 Ti
GeForce GTX 1080 Ti
entering mult, device: GeForce GTX 1080 Ti (0xbb9730)
entering mult, device: GeForce GTX 1080 Ti (0xbb8cf0)
entering mult, device: GeForce GTX 1080 Ti (0xbb0cb0)
entering mult, device: GeForce GTX 1080 Ti (0xbb84f0)
device: GeForce GTX 1080 Ti (0xbb84f0)  kernel from: 93056 to: 186112 -> range: 93056 (with blocking: 93056)
device: GeForce GTX 1080 Ti (0xbb0cb0)  kernel from: 279168 to: 371968 -> range: 92800 (with blocking: 92800)
device: GeForce GTX 1080 Ti (0xbb9730)  kernel from: 0 to: 93056 -> range: 93056 (with blocking: 93056)
device: GeForce GTX 1080 Ti (0xbb8cf0)  kernel from: 186112 to: 279168 -> range: 93056 (with blocking: 93056)
device: GeForce GTX 1080 Ti (0xbb84f0) duration: 0.0616724
device: GeForce GTX 1080 Ti (0xbb8cf0) duration: 0.0615496
device: GeForce GTX 1080 Ti (0xbb0cb0) duration: 0.0629381
device: GeForce GTX 1080 Ti (0xbb9730) duration: 0.0671846
duration mult ocl: 0.0718726
entering multTranspose, device: GeForce GTX 1080 Ti (0xbb84f0)
entering multTranspose, device: GeForce GTX 1080 Ti (0xbb0cb0)
entering multTranspose, device: GeForce GTX 1080 Ti (0xbb8cf0)
entering multTranspose, device: GeForce GTX 1080 Ti (0xbb9730)
device: GeForce GTX 1080 Ti (0xbb8cf0)  kernel from: 0 to: 51328 -> range: 51328 (with blocking: 51328)
device: GeForce GTX 1080 Ti (0xbb8cf0) duration: 0.714935
duration multTranspose ocl: 0.730759
GeForce GTX 1080 Ti
GeForce GTX 1080 Ti
GeForce GTX 1080 Ti
GeForce GTX 1080 Ti
entering mult, device: GeForce GTX 1080 Ti (0xbb8cf0)
entering mult, device: GeForce GTX 1080 Ti (0xbb9730)
entering mult, device: GeForce GTX 1080 Ti (0xbb0cb0)
entering mult, device: GeForce GTX 1080 Ti (0xbb84f0)
device: GeForce GTX 1080 Ti (0xbb8cf0)  kernel from: 0 to: 93056 -> range: 93056 (with blocking: 93056)
device: GeForce GTX 1080 Ti (0xbb9730)  kernel from: 93056 to: 186112 -> range: 93056 (with blocking: 93056)
device: GeForce GTX 1080 Ti (0xbb0cb0)  kernel from: 186112 to: 279168 -> range: 93056 (with blocking: 93056)
device: GeForce GTX 1080 Ti (0xbb84f0)  kernel from: 279168 to: 371968 -> range: 92800 (with blocking: 92800)
device: GeForce GTX 1080 Ti (0xbb8cf0) duration: 0.0615934
device: GeForce GTX 1080 Ti (0xbb9730) duration: 0.0650722
device: GeForce GTX 1080 Ti (0xbb0cb0) duration: 0.0629186
device: GeForce GTX 1080 Ti (0xbb84f0) duration: 0.0638372
duration mult ocl: 0.0786
entering multTranspose, device: GeForce GTX 1080 Ti (0xbb8cf0)
entering multTranspose, device: GeForce GTX 1080 Ti (0xbb84f0)
entering multTranspose, device: GeForce GTX 1080 Ti (0xbb9730)
entering multTranspose, device: GeForce GTX 1080 Ti (0xbb0cb0)
device: GeForce GTX 1080 Ti (0xbb84f0)  kernel from: 0 to: 51328 -> range: 51328 (with blocking: 51328)
device: GeForce GTX 1080 Ti (0xbb84f0) duration: 0.713469
duration multTranspose ocl: 0.736076
GeForce GTX 1080 Ti
GeForce GTX 1080 Ti
GeForce GTX 1080 Ti
GeForce GTX 1080 Ti
entering mult, device: GeForce GTX 1080 Ti (0xbb9730)
entering mult, device: GeForce GTX 1080 Ti (0xbb84f0)
entering mult, device: GeForce GTX 1080 Ti (0xbb0cb0)
entering mult, device: GeForce GTX 1080 Ti (0xbb8cf0)
device: GeForce GTX 1080 Ti (0xbb0cb0)  kernel from: 0 to: 93056 -> range: 93056 (with blocking: 93056)
device: GeForce GTX 1080 Ti (0xbb84f0)  kernel from: 186112 to: 279168 -> range: 93056 (with blocking: 93056)
device: GeForce GTX 1080 Ti (0xbb9730)  kernel from: 279168 to: 371968 -> range: 92800 (with blocking: 92800)
device: GeForce GTX 1080 Ti (0xbb8cf0)  kernel from: 93056 to: 186112 -> range: 93056 (with blocking: 93056)
device: GeForce GTX 1080 Ti (0xbb8cf0) duration: 0.0616131
device: GeForce GTX 1080 Ti (0xbb0cb0) duration: 0.0629299
device: GeForce GTX 1080 Ti (0xbb84f0) duration: 0.0616837
device: GeForce GTX 1080 Ti (0xbb9730) duration: 0.0670966
duration mult ocl: 0.0834575
entering multTranspose, device: GeForce GTX 1080 Ti (0xbb84f0)
entering multTranspose, device: GeForce GTX 1080 Ti (0xbb9730)
entering multTranspose, device: GeForce GTX 1080 Ti (0xbb0cb0)
entering multTranspose, device: GeForce GTX 1080 Ti (0xbb8cf0)
device: GeForce GTX 1080 Ti (0xbb84f0)  kernel from: 0 to: 51328 -> range: 51328 (with blocking: 51328)
device: GeForce GTX 1080 Ti (0xbb84f0) duration: 0.712809
duration multTranspose ocl: 0.719241
GeForce GTX 1080 Ti
GeForce GTX 1080 Ti
GeForce GTX 1080 Ti
GeForce GTX 1080 Ti
entering mult, device: GeForce GTX 1080 Ti (0xbb84f0)
entering mult, device: GeForce GTX 1080 Ti (0xbb9730)
entering mult, device: GeForce GTX 1080 Ti (0xbb0cb0)
entering mult, device: GeForce GTX 1080 Ti (0xbb8cf0)
device: GeForce GTX 1080 Ti (0xbb84f0)  kernel from: 0 to: 93056 -> range: 93056 (with blocking: 93056)
device: GeForce GTX 1080 Ti (0xbb9730)  kernel from: 186112 to: 279168 -> range: 93056 (with blocking: 93056)
device: GeForce GTX 1080 Ti (0xbb0cb0)  kernel from: 93056 to: 186112 -> range: 93056 (with blocking: 93056)
device: GeForce GTX 1080 Ti (0xbb8cf0)  kernel from: 279168 to: 371968 -> range: 92800 (with blocking: 92800)
device: GeForce GTX 1080 Ti (0xbb84f0) duration: 0.0617217
device: GeForce GTX 1080 Ti (0xbb8cf0) duration: 0.0616324
device: GeForce GTX 1080 Ti (0xbb0cb0) duration: 0.0629657
device: GeForce GTX 1080 Ti (0xbb9730) duration: 0.0672072
duration mult ocl: 0.0820204
entering multTranspose, device: GeForce GTX 1080 Ti (0xbb8cf0)
entering multTranspose, device: GeForce GTX 1080 Ti (0xbb84f0)
entering multTranspose, device: GeForce GTX 1080 Ti (0xbb9730)
entering multTranspose, device: GeForce GTX 1080 Ti (0xbb0cb0)
device: GeForce GTX 1080 Ti (0xbb84f0)  kernel from: 0 to: 51328 -> range: 51328 (with blocking: 51328)
device: GeForce GTX 1080 Ti (0xbb84f0) duration: 0.714741
duration multTranspose ocl: 0.720982
GeForce GTX 1080 Ti
GeForce GTX 1080 Ti
GeForce GTX 1080 Ti
GeForce GTX 1080 Ti
entering mult, device: GeForce GTX 1080 Ti (0xbb84f0)
entering mult, device: GeForce GTX 1080 Ti (0xbb0cb0)
entering mult, device: GeForce GTX 1080 Ti (0xbb9730)
entering mult, device: GeForce GTX 1080 Ti (0xbb8cf0)
device: GeForce GTX 1080 Ti (0xbb8cf0)  kernel from: 93056 to: 186112 -> range: 93056 (with blocking: 93056)
device: GeForce GTX 1080 Ti (0xbb84f0)  kernel from: 0 to: 93056 -> range: 93056 (with blocking: 93056)
device: GeForce GTX 1080 Ti (0xbb0cb0)  kernel from: 279168 to: 371968 -> range: 92800 (with blocking: 92800)
device: GeForce GTX 1080 Ti (0xbb9730)  kernel from: 186112 to: 279168 -> range: 93056 (with blocking: 93056)
device: GeForce GTX 1080 Ti (0xbb84f0) duration: 0.0616632
device: GeForce GTX 1080 Ti (0xbb8cf0) duration: 0.0615854
device: GeForce GTX 1080 Ti (0xbb0cb0) duration: 0.062932
device: GeForce GTX 1080 Ti (0xbb9730) duration: 0.067157
duration mult ocl: 0.077576
entering multTranspose, device: GeForce GTX 1080 Ti (0xbb84f0)
entering multTranspose, device: GeForce GTX 1080 Ti (0xbb8cf0)
entering multTranspose, device: GeForce GTX 1080 Ti (0xbb0cb0)
entering multTranspose, device: GeForce GTX 1080 Ti (0xbb9730)
device: GeForce GTX 1080 Ti (0xbb8cf0)  kernel from: 0 to: 51328 -> range: 51328 (with blocking: 51328)
device: GeForce GTX 1080 Ti (0xbb8cf0) duration: 0.713584
duration multTranspose ocl: 0.729221
GeForce GTX 1080 Ti
GeForce GTX 1080 Ti
GeForce GTX 1080 Ti
GeForce GTX 1080 Ti
entering mult, device: GeForce GTX 1080 Ti (0xbb8cf0)
entering mult, device: GeForce GTX 1080 Ti (0xbb84f0)
entering mult, device: GeForce GTX 1080 Ti (0xbb9730)
entering mult, device: GeForce GTX 1080 Ti (0xbb0cb0)
device: GeForce GTX 1080 Ti (0xbb0cb0)  kernel from: 0 to: 93056 -> range: 93056 (with blocking: 93056)
device: GeForce GTX 1080 Ti (0xbb8cf0)  kernel from: 93056 to: 186112 -> range: 93056 (with blocking: 93056)
device: GeForce GTX 1080 Ti (0xbb84f0)  kernel from: 186112 to: 279168 -> range: 93056 (with blocking: 93056)
device: GeForce GTX 1080 Ti (0xbb9730)  kernel from: 279168 to: 371968 -> range: 92800 (with blocking: 92800)
device: GeForce GTX 1080 Ti (0xbb8cf0) duration: 0.0615864
device: GeForce GTX 1080 Ti (0xbb84f0) duration: 0.0617062
device: GeForce GTX 1080 Ti (0xbb0cb0) duration: 0.0629166
device: GeForce GTX 1080 Ti (0xbb9730) duration: 0.0651182
duration mult ocl: 0.0794095
entering multTranspose, device: GeForce GTX 1080 Ti (0xbb9730)
entering multTranspose, device: GeForce GTX 1080 Ti (0xbb0cb0)
entering multTranspose, device: GeForce GTX 1080 Ti (0xbb8cf0)
entering multTranspose, device: GeForce GTX 1080 Ti (0xbb84f0)
device: GeForce GTX 1080 Ti (0xbb9730)  kernel from: 0 to: 51328 -> range: 51328 (with blocking: 51328)
device: GeForce GTX 1080 Ti (0xbb9730) duration: 0.707363
duration multTranspose ocl: 0.714437
GeForce GTX 1080 Ti
GeForce GTX 1080 Ti
GeForce GTX 1080 Ti
GeForce GTX 1080 Ti
entering mult, device: GeForce GTX 1080 Ti (0xbb9730)
entering mult, device: GeForce GTX 1080 Ti (0xbb8cf0)
entering mult, device: GeForce GTX 1080 Ti (0xbb0cb0)
entering mult, device: GeForce GTX 1080 Ti (0xbb84f0)
device: GeForce GTX 1080 Ti (0xbb9730)  kernel from: 0 to: 93056 -> range: 93056 (with blocking: 93056)
device: GeForce GTX 1080 Ti (0xbb0cb0)  kernel from: 186112 to: 279168 -> range: 93056 (with blocking: 93056)
device: GeForce GTX 1080 Ti (0xbb8cf0)  kernel from: 93056 to: 186112 -> range: 93056 (with blocking: 93056)
device: GeForce GTX 1080 Ti (0xbb84f0)  kernel from: 279168 to: 371968 -> range: 92800 (with blocking: 92800)
device: GeForce GTX 1080 Ti (0xbb8cf0) duration: 0.0616325
device: GeForce GTX 1080 Ti (0xbb84f0) duration: 0.0617257
device: GeForce GTX 1080 Ti (0xbb9730) duration: 0.0671263
device: GeForce GTX 1080 Ti (0xbb0cb0) duration: 0.0820931
duration mult ocl: 0.0923748
entering multTranspose, device: GeForce GTX 1080 Ti (0xbb9730)
entering multTranspose, device: GeForce GTX 1080 Ti (0xbb0cb0)
entering multTranspose, device: GeForce GTX 1080 Ti (0xbb8cf0)
entering multTranspose, device: GeForce GTX 1080 Ti (0xbb84f0)
device: GeForce GTX 1080 Ti (0xbb9730)  kernel from: 0 to: 51328 -> range: 51328 (with blocking: 51328)
device: GeForce GTX 1080 Ti (0xbb9730) duration: 0.706691
duration multTranspose ocl: 0.712834
GeForce GTX 1080 Ti
GeForce GTX 1080 Ti
GeForce GTX 1080 Ti
GeForce GTX 1080 Ti
entering mult, device: GeForce GTX 1080 Ti (0xbb9730)
entering mult, device: GeForce GTX 1080 Ti (0xbb0cb0)
entering mult, device: GeForce GTX 1080 Ti (0xbb84f0)
entering mult, device: GeForce GTX 1080 Ti (0xbb8cf0)
device: GeForce GTX 1080 Ti (0xbb0cb0)  kernel from: 0 to: 93056 -> range: 93056 (with blocking: 93056)
device: GeForce GTX 1080 Ti (0xbb9730)  kernel from: 186112 to: 279168 -> range: 93056 (with blocking: 93056)
device: GeForce GTX 1080 Ti (0xbb8cf0)  kernel from: 279168 to: 371968 -> range: 92800 (with blocking: 92800)
device: GeForce GTX 1080 Ti (0xbb84f0)  kernel from: 93056 to: 186112 -> range: 93056 (with blocking: 93056)
device: GeForce GTX 1080 Ti (0xbb8cf0) duration: 0.061607
device: GeForce GTX 1080 Ti (0xbb84f0) duration: 0.0616776
device: GeForce GTX 1080 Ti (0xbb9730) duration: 0.0650732
device: GeForce GTX 1080 Ti (0xbb0cb0) duration: 0.0658248
duration mult ocl: 0.0774216
entering multTranspose, device: GeForce GTX 1080 Ti (0xbb8cf0)
entering multTranspose, device: GeForce GTX 1080 Ti (0xbb9730)
entering multTranspose, device: GeForce GTX 1080 Ti (0xbb0cb0)
entering multTranspose, device: GeForce GTX 1080 Ti (0xbb84f0)
device: GeForce GTX 1080 Ti (0xbb0cb0)  kernel from: 0 to: 51328 -> range: 51328 (with blocking: 51328)
device: GeForce GTX 1080 Ti (0xbb0cb0) duration: 0.708452
duration multTranspose ocl: 0.722407
GeForce GTX 1080 Ti
GeForce GTX 1080 Ti
GeForce GTX 1080 Ti
GeForce GTX 1080 Ti
entering mult, device: GeForce GTX 1080 Ti (0xbb84f0)
entering mult, device: GeForce GTX 1080 Ti (0xbb8cf0)
entering mult, device: GeForce GTX 1080 Ti (0xbb9730)
entering mult, device: GeForce GTX 1080 Ti (0xbb0cb0)
device: GeForce GTX 1080 Ti (0xbb8cf0)  kernel from: 0 to: 93056 -> range: 93056 (with blocking: 93056)
device: GeForce GTX 1080 Ti (0xbb84f0)  kernel from: 279168 to: 371968 -> range: 92800 (with blocking: 92800)
device: GeForce GTX 1080 Ti (0xbb9730)  kernel from: 186112 to: 279168 -> range: 93056 (with blocking: 93056)
device: GeForce GTX 1080 Ti (0xbb0cb0)  kernel from: 93056 to: 186112 -> range: 93056 (with blocking: 93056)
device: GeForce GTX 1080 Ti (0xbb0cb0) duration: 0.0607959
device: GeForce GTX 1080 Ti (0xbb8cf0) duration: 0.0616009
device: GeForce GTX 1080 Ti (0xbb84f0) duration: 0.0616643
device: GeForce GTX 1080 Ti (0xbb9730) duration: 0.0670894
duration mult ocl: 0.0802409
entering multTranspose, device: GeForce GTX 1080 Ti (0xbb84f0)
entering multTranspose, device: GeForce GTX 1080 Ti (0xbb9730)
entering multTranspose, device: GeForce GTX 1080 Ti (0xbb0cb0)
entering multTranspose, device: GeForce GTX 1080 Ti (0xbb8cf0)
device: GeForce GTX 1080 Ti (0xbb84f0)  kernel from: 0 to: 51328 -> range: 51328 (with blocking: 51328)
device: GeForce GTX 1080 Ti (0xbb84f0) duration: 0.714077
duration multTranspose ocl: 0.722198
GeForce GTX 1080 Ti
GeForce GTX 1080 Ti
GeForce GTX 1080 Ti
GeForce GTX 1080 Ti
entering mult, device: GeForce GTX 1080 Ti (0xbb84f0)
entering mult, device: GeForce GTX 1080 Ti (0xbb8cf0)
entering mult, device: GeForce GTX 1080 Ti (0xbb0cb0)
entering mult, device: GeForce GTX 1080 Ti (0xbb9730)
device: GeForce GTX 1080 Ti (0xbb8cf0)  kernel from: 0 to: 93056 -> range: 93056 (with blocking: 93056)
device: GeForce GTX 1080 Ti (0xbb84f0)  kernel from: 93056 to: 186112 -> range: 93056 (with blocking: 93056)
device: GeForce GTX 1080 Ti (0xbb9730)  kernel from: 279168 to: 371968 -> range: 92800 (with blocking: 92800)
device: GeForce GTX 1080 Ti (0xbb0cb0)  kernel from: 186112 to: 279168 -> range: 93056 (with blocking: 93056)
device: GeForce GTX 1080 Ti (0xbb84f0) duration: 0.0617012
device: GeForce GTX 1080 Ti (0xbb0cb0) duration: 0.0629319
device: GeForce GTX 1080 Ti (0xbb8cf0) duration: 0.0616714
device: GeForce GTX 1080 Ti (0xbb9730) duration: 0.0672185
duration mult ocl: 0.0834002
entering multTranspose, device: GeForce GTX 1080 Ti (0xbb84f0)
entering multTranspose, device: GeForce GTX 1080 Ti (0xbb8cf0)
entering multTranspose, device: GeForce GTX 1080 Ti (0xbb0cb0)
entering multTranspose, device: GeForce GTX 1080 Ti (0xbb9730)
device: GeForce GTX 1080 Ti (0xbb0cb0)  kernel from: 0 to: 51328 -> range: 51328 (with blocking: 51328)
device: GeForce GTX 1080 Ti (0xbb0cb0) duration: 0.707634
duration multTranspose ocl: 0.713752
GeForce GTX 1080 Ti
GeForce GTX 1080 Ti
GeForce GTX 1080 Ti
GeForce GTX 1080 Ti
entering mult, device: GeForce GTX 1080 Ti (0xbb9730)
entering mult, device: GeForce GTX 1080 Ti (0xbb84f0)
entering mult, device: GeForce GTX 1080 Ti (0xbb8cf0)
entering mult, device: GeForce GTX 1080 Ti (0xbb0cb0)
device: GeForce GTX 1080 Ti (0xbb9730)  kernel from: 0 to: 93056 -> range: 93056 (with blocking: 93056)
device: GeForce GTX 1080 Ti (0xbb0cb0)  kernel from: 93056 to: 186112 -> range: 93056 (with blocking: 93056)
device: GeForce GTX 1080 Ti (0xbb8cf0)  kernel from: 279168 to: 371968 -> range: 92800 (with blocking: 92800)
device: GeForce GTX 1080 Ti (0xbb84f0)  kernel from: 186112 to: 279168 -> range: 93056 (with blocking: 93056)
device: GeForce GTX 1080 Ti (0xbb84f0) duration: 0.0616827
device: GeForce GTX 1080 Ti (0xbb8cf0) duration: 0.061611
device: GeForce GTX 1080 Ti (0xbb0cb0) duration: 0.0629053
device: GeForce GTX 1080 Ti (0xbb9730) duration: 0.0671314
duration mult ocl: 0.079225
entering multTranspose, device: GeForce GTX 1080 Ti (0xbb9730)
entering multTranspose, device: GeForce GTX 1080 Ti (0xbb0cb0)
entering multTranspose, device: GeForce GTX 1080 Ti (0xbb8cf0)
entering multTranspose, device: GeForce GTX 1080 Ti (0xbb84f0)
device: GeForce GTX 1080 Ti (0xbb0cb0)  kernel from: 0 to: 51328 -> range: 51328 (with blocking: 51328)
device: GeForce GTX 1080 Ti (0xbb0cb0) duration: 0.707546
duration multTranspose ocl: 0.71183
GeForce GTX 1080 Ti
GeForce GTX 1080 Ti
GeForce GTX 1080 Ti
GeForce GTX 1080 Ti
entering mult, device: GeForce GTX 1080 Ti (0xbb9730)
entering mult, device: GeForce GTX 1080 Ti (0xbb0cb0)
entering mult, device: GeForce GTX 1080 Ti (0xbb8cf0)
entering mult, device: GeForce GTX 1080 Ti (0xbb84f0)
device: GeForce GTX 1080 Ti (0xbb0cb0)  kernel from: 0 to: 93056 -> range: 93056 (with blocking: 93056)
device: GeForce GTX 1080 Ti (0xbb84f0)  kernel from: 186112 to: 279168 -> range: 93056 (with blocking: 93056)
device: GeForce GTX 1080 Ti (0xbb8cf0)  kernel from: 279168 to: 371968 -> range: 92800 (with blocking: 92800)
device: GeForce GTX 1080 Ti (0xbb9730)  kernel from: 93056 to: 186112 -> range: 93056 (with blocking: 93056)
device: GeForce GTX 1080 Ti (0xbb84f0) duration: 0.0616765
device: GeForce GTX 1080 Ti (0xbb8cf0) duration: 0.0616202
device: GeForce GTX 1080 Ti (0xbb0cb0) duration: 0.0628859
device: GeForce GTX 1080 Ti (0xbb9730) duration: 0.0671793
duration mult ocl: 0.073152
entering multTranspose, device: GeForce GTX 1080 Ti (0xbb9730)
entering multTranspose, device: GeForce GTX 1080 Ti (0xbb84f0)
entering multTranspose, device: GeForce GTX 1080 Ti (0xbb8cf0)
entering multTranspose, device: GeForce GTX 1080 Ti (0xbb0cb0)
device: GeForce GTX 1080 Ti (0xbb84f0)  kernel from: 0 to: 51328 -> range: 51328 (with blocking: 51328)
device: GeForce GTX 1080 Ti (0xbb84f0) duration: 0.713899
duration multTranspose ocl: 0.719713
GeForce GTX 1080 Ti
GeForce GTX 1080 Ti
GeForce GTX 1080 Ti
GeForce GTX 1080 Ti
entering mult, device: GeForce GTX 1080 Ti (0xbb84f0)
entering mult, device: GeForce GTX 1080 Ti (0xbb8cf0)
entering mult, device: GeForce GTX 1080 Ti (0xbb0cb0)
entering mult, device: GeForce GTX 1080 Ti (0xbb9730)
device: GeForce GTX 1080 Ti (0xbb84f0)  kernel from: 186112 to: 279168 -> range: 93056 (with blocking: 93056)
device: GeForce GTX 1080 Ti (0xbb9730)  kernel from: 93056 to: 186112 -> range: 93056 (with blocking: 93056)
device: GeForce GTX 1080 Ti (0xbb0cb0)  kernel from: 279168 to: 371968 -> range: 92800 (with blocking: 92800)
device: GeForce GTX 1080 Ti (0xbb8cf0)  kernel from: 0 to: 93056 -> range: 93056 (with blocking: 93056)
device: GeForce GTX 1080 Ti (0xbb84f0) duration: 0.0616837
device: GeForce GTX 1080 Ti (0xbb8cf0) duration: 0.0615895
device: GeForce GTX 1080 Ti (0xbb0cb0) duration: 0.0629197
device: GeForce GTX 1080 Ti (0xbb9730) duration: 0.0671599
duration mult ocl: 0.0786424
entering multTranspose, device: GeForce GTX 1080 Ti (0xbb8cf0)
entering multTranspose, device: GeForce GTX 1080 Ti (0xbb0cb0)
entering multTranspose, device: GeForce GTX 1080 Ti (0xbb9730)
entering multTranspose, device: GeForce GTX 1080 Ti (0xbb84f0)
device: GeForce GTX 1080 Ti (0xbb8cf0)  kernel from: 0 to: 51328 -> range: 51328 (with blocking: 51328)
device: GeForce GTX 1080 Ti (0xbb8cf0) duration: 0.713769
duration multTranspose ocl: 0.721538
GeForce GTX 1080 Ti
GeForce GTX 1080 Ti
GeForce GTX 1080 Ti
GeForce GTX 1080 Ti
entering mult, device: GeForce GTX 1080 Ti (0xbb8cf0)
entering mult, device: GeForce GTX 1080 Ti (0xbb84f0)
entering mult, device: GeForce GTX 1080 Ti (0xbb9730)
entering mult, device: GeForce GTX 1080 Ti (0xbb0cb0)
device: GeForce GTX 1080 Ti (0xbb84f0)  kernel from: 0 to: 93056 -> range: 93056 (with blocking: 93056)
device: GeForce GTX 1080 Ti (0xbb8cf0)  kernel from: 186112 to: 279168 -> range: 93056 (with blocking: 93056)
device: GeForce GTX 1080 Ti (0xbb0cb0)  kernel from: 93056 to: 186112 -> range: 93056 (with blocking: 93056)
device: GeForce GTX 1080 Ti (0xbb9730)  kernel from: 279168 to: 371968 -> range: 92800 (with blocking: 92800)
device: GeForce GTX 1080 Ti (0xbb8cf0) duration: 0.0616847
device: GeForce GTX 1080 Ti (0xbb84f0) duration: 0.061698
device: GeForce GTX 1080 Ti (0xbb0cb0) duration: 0.0629146
device: GeForce GTX 1080 Ti (0xbb9730) duration: 0.0671027
duration mult ocl: 0.0783827
entering multTranspose, device: GeForce GTX 1080 Ti (0xbb84f0)
entering multTranspose, device: GeForce GTX 1080 Ti (0xbb9730)
entering multTranspose, device: GeForce GTX 1080 Ti (0xbb0cb0)
entering multTranspose, device: GeForce GTX 1080 Ti (0xbb8cf0)
device: GeForce GTX 1080 Ti (0xbb84f0)  kernel from: 0 to: 51328 -> range: 51328 (with blocking: 51328)
device: GeForce GTX 1080 Ti (0xbb84f0) duration: 0.712991
duration multTranspose ocl: 0.71757
GeForce GTX 1080 Ti
GeForce GTX 1080 Ti
GeForce GTX 1080 Ti
GeForce GTX 1080 Ti
entering mult, device: GeForce GTX 1080 Ti (0xbb84f0)
entering mult, device: GeForce GTX 1080 Ti (0xbb9730)
entering mult, device: GeForce GTX 1080 Ti (0xbb8cf0)
entering mult, device: GeForce GTX 1080 Ti (0xbb0cb0)
device: GeForce GTX 1080 Ti (0xbb84f0)  kernel from: 93056 to: 186112 -> range: 93056 (with blocking: 93056)
device: GeForce GTX 1080 Ti (0xbb9730)  kernel from: 0 to: 93056 -> range: 93056 (with blocking: 93056)
device: GeForce GTX 1080 Ti (0xbb8cf0)  kernel from: 279168 to: 371968 -> range: 92800 (with blocking: 92800)
device: GeForce GTX 1080 Ti (0xbb0cb0)  kernel from: 186112 to: 279168 -> range: 93056 (with blocking: 93056)
device: GeForce GTX 1080 Ti (0xbb84f0) duration: 0.0617012
device: GeForce GTX 1080 Ti (0xbb8cf0) duration: 0.0615987
device: GeForce GTX 1080 Ti (0xbb0cb0) duration: 0.0629033
device: GeForce GTX 1080 Ti (0xbb9730) duration: 0.0671406
duration mult ocl: 0.0781477
entering multTranspose, device: GeForce GTX 1080 Ti (0xbb84f0)
entering multTranspose, device: GeForce GTX 1080 Ti (0xbb9730)
entering multTranspose, device: GeForce GTX 1080 Ti (0xbb8cf0)
entering multTranspose, device: GeForce GTX 1080 Ti (0xbb0cb0)
device: GeForce GTX 1080 Ti (0xbb9730)  kernel from: 0 to: 51328 -> range: 51328 (with blocking: 51328)
device: GeForce GTX 1080 Ti (0xbb9730) duration: 0.707076
duration multTranspose ocl: 0.726604
GeForce GTX 1080 Ti
GeForce GTX 1080 Ti
GeForce GTX 1080 Ti
GeForce GTX 1080 Ti
entering mult, device: GeForce GTX 1080 Ti (0xbb9730)
entering mult, device: GeForce GTX 1080 Ti (0xbb8cf0)
entering mult, device: GeForce GTX 1080 Ti (0xbb84f0)
entering mult, device: GeForce GTX 1080 Ti (0xbb0cb0)
device: GeForce GTX 1080 Ti (0xbb9730)  kernel from: 0 to: 93056 -> range: 93056 (with blocking: 93056)
device: GeForce GTX 1080 Ti (0xbb84f0)  kernel from: 93056 to: 186112 -> range: 93056 (with blocking: 93056)
device: GeForce GTX 1080 Ti (0xbb0cb0)  kernel from: 186112 to: 279168 -> range: 93056 (with blocking: 93056)
device: GeForce GTX 1080 Ti (0xbb8cf0)  kernel from: 279168 to: 371968 -> range: 92800 (with blocking: 92800)
device: GeForce GTX 1080 Ti (0xbb84f0) duration: 0.0617021
device: GeForce GTX 1080 Ti (0xbb8cf0) duration: 0.0616008
device: GeForce GTX 1080 Ti (0xbb0cb0) duration: 0.0628838
device: GeForce GTX 1080 Ti (0xbb9730) duration: 0.0672072
duration mult ocl: 0.0718311
entering multTranspose, device: GeForce GTX 1080 Ti (0xbb8cf0)
entering multTranspose, device: GeForce GTX 1080 Ti (0xbb9730)
entering multTranspose, device: GeForce GTX 1080 Ti (0xbb84f0)
entering multTranspose, device: GeForce GTX 1080 Ti (0xbb0cb0)
device: GeForce GTX 1080 Ti (0xbb8cf0)  kernel from: 0 to: 51328 -> range: 51328 (with blocking: 51328)
device: GeForce GTX 1080 Ti (0xbb8cf0) duration: 0.71423
duration multTranspose ocl: 0.718759
GeForce GTX 1080 Ti
GeForce GTX 1080 Ti
GeForce GTX 1080 Ti
GeForce GTX 1080 Ti
entering mult, device: GeForce GTX 1080 Ti (0xbb8cf0)
entering mult, device: GeForce GTX 1080 Ti (0xbb9730)
entering mult, device: GeForce GTX 1080 Ti (0xbb0cb0)
entering mult, device: GeForce GTX 1080 Ti (0xbb84f0)
device: GeForce GTX 1080 Ti (0xbb9730)  kernel from: 0 to: 93056 -> range: 93056 (with blocking: 93056)
device: GeForce GTX 1080 Ti (0xbb8cf0)  kernel from: 186112 to: 279168 -> range: 93056 (with blocking: 93056)
device: GeForce GTX 1080 Ti (0xbb84f0)  kernel from: 93056 to: 186112 -> range: 93056 (with blocking: 93056)
device: GeForce GTX 1080 Ti (0xbb0cb0)  kernel from: 279168 to: 371968 -> range: 92800 (with blocking: 92800)
device: GeForce GTX 1080 Ti (0xbb0cb0) duration: 0.0607713
device: GeForce GTX 1080 Ti (0xbb84f0) duration: 0.0616908
device: GeForce GTX 1080 Ti (0xbb8cf0) duration: 0.061611
device: GeForce GTX 1080 Ti (0xbb9730) duration: 0.0671703
duration mult ocl: 0.0767518
entering multTranspose, device: GeForce GTX 1080 Ti (0xbb9730)
entering multTranspose, device: GeForce GTX 1080 Ti (0xbb8cf0)
entering multTranspose, device: GeForce GTX 1080 Ti (0xbb0cb0)
entering multTranspose, device: GeForce GTX 1080 Ti (0xbb84f0)
device: GeForce GTX 1080 Ti (0xbb9730)  kernel from: 0 to: 51328 -> range: 51328 (with blocking: 51328)
device: GeForce GTX 1080 Ti (0xbb9730) duration: 0.706945
duration multTranspose ocl: 0.71133
GeForce GTX 1080 Ti
GeForce GTX 1080 Ti
GeForce GTX 1080 Ti
GeForce GTX 1080 Ti
entering mult, device: GeForce GTX 1080 Ti (0xbb9730)
entering mult, device: GeForce GTX 1080 Ti (0xbb8cf0)
entering mult, device: GeForce GTX 1080 Ti (0xbb0cb0)
entering mult, device: GeForce GTX 1080 Ti (0xbb84f0)
device: GeForce GTX 1080 Ti (0xbb8cf0)  kernel from: 0 to: 93056 -> range: 93056 (with blocking: 93056)
device: GeForce GTX 1080 Ti (0xbb9730)  kernel from: 279168 to: 371968 -> range: 92800 (with blocking: 92800)
device: GeForce GTX 1080 Ti (0xbb0cb0)  kernel from: 93056 to: 186112 -> range: 93056 (with blocking: 93056)
device: GeForce GTX 1080 Ti (0xbb84f0)  kernel from: 186112 to: 279168 -> range: 93056 (with blocking: 93056)
device: GeForce GTX 1080 Ti (0xbb8cf0) duration: 0.0595098
device: GeForce GTX 1080 Ti (0xbb84f0) duration: 0.0617124
device: GeForce GTX 1080 Ti (0xbb0cb0) duration: 0.0629166
device: GeForce GTX 1080 Ti (0xbb9730) duration: 0.0671672
duration mult ocl: 0.0785883
entering multTranspose, device: GeForce GTX 1080 Ti (0xbb9730)
entering multTranspose, device: GeForce GTX 1080 Ti (0xbb84f0)
entering multTranspose, device: GeForce GTX 1080 Ti (0xbb8cf0)
entering multTranspose, device: GeForce GTX 1080 Ti (0xbb0cb0)
device: GeForce GTX 1080 Ti (0xbb8cf0)  kernel from: 0 to: 51328 -> range: 51328 (with blocking: 51328)
device: GeForce GTX 1080 Ti (0xbb8cf0) duration: 0.712925
duration multTranspose ocl: 0.717295
GeForce GTX 1080 Ti
GeForce GTX 1080 Ti
GeForce GTX 1080 Ti
GeForce GTX 1080 Ti
entering mult, device: GeForce GTX 1080 Ti (0xbb8cf0)
entering mult, device: GeForce GTX 1080 Ti (0xbb0cb0)
entering mult, device: GeForce GTX 1080 Ti (0xbb9730)
entering mult, device: GeForce GTX 1080 Ti (0xbb84f0)
device: GeForce GTX 1080 Ti (0xbb8cf0)  kernel from: 0 to: 93056 -> range: 93056 (with blocking: 93056)
device: GeForce GTX 1080 Ti (0xbb9730)  kernel from: 279168 to: 371968 -> range: 92800 (with blocking: 92800)
device: GeForce GTX 1080 Ti (0xbb0cb0)  kernel from: 93056 to: 186112 -> range: 93056 (with blocking: 93056)
device: GeForce GTX 1080 Ti (0xbb84f0)  kernel from: 186112 to: 279168 -> range: 93056 (with blocking: 93056)
device: GeForce GTX 1080 Ti (0xbb8cf0) duration: 0.0615936
device: GeForce GTX 1080 Ti (0xbb84f0) duration: 0.061697
device: GeForce GTX 1080 Ti (0xbb0cb0) duration: 0.0629361
device: GeForce GTX 1080 Ti (0xbb9730) duration: 0.0651335
duration mult ocl: 0.0698886
entering multTranspose, device: GeForce GTX 1080 Ti (0xbb9730)
entering multTranspose, device: GeForce GTX 1080 Ti (0xbb84f0)
entering multTranspose, device: GeForce GTX 1080 Ti (0xbb0cb0)
