./datadriven/examplesOCL/regression_cmd --trainingFileName ../../DissertationCodeGTX/datasets/DR5/DR5_nowarnings_less05_train.arff --testFileName ../../DissertationCodeGTX/datasets/DR5/DR5_nowarnings_less05_test.arff --learnerMode LEARNTEST --grid.level 10 --lambda 1E-5 --grid.type ModLinear --verbose true --additionalConfig results_diss/DR5_scaling_ocl_float_gtx1080ti_4.cfg --operation.type STREAMING --operation.subType OCLUNIFIED --solverFinal.maxIterations 500 --solverFinal.eps 0 --isRegression true --adaptConfig.support_refinement_min_support 500 --adaptConfig.support_refinement_ocl_config results_diss/DR5_scaling_ocl_float_gtx1080ti_4.cfg --adaptConfig.use_support_refinement --do_dummy_ocl_init
OCL Info: 2 OpenCL platforms have been found
OCL Info: detected platform, name: "Intel(R) OpenCL"
OCL Info: detected platform vendor name: "Intel(R) Corporation"
OCL Info: platform not configured, skipping...
OCL Info: detected platform, name: "NVIDIA CUDA"
OCL Info: detected platform vendor name: "NVIDIA Corporation"
OCL Info: using platform, name: "NVIDIA CUDA"
OCL Info: platform device count: 8
OCL Info: detected device, name: "GeForce GTX 1080 Ti"
OCL Info: using device, name: "GeForce GTX 1080 Ti"
OCL Info: detected device, name: "GeForce GTX 1080 Ti"
OCL Info: using device, name: "GeForce GTX 1080 Ti"
OCL Info: detected device, name: "GeForce GTX 1080 Ti"
OCL Info: using device, name: "GeForce GTX 1080 Ti"
OCL Info: detected device, name: "GeForce GTX 1080 Ti"
OCL Info: using device, name: "GeForce GTX 1080 Ti"
OCL Info: detected device, name: "GeForce GTX 1080 Ti"
OCL Info: detected device, name: "GeForce GTX 1080 Ti"
OCL Info: detected device, name: "GeForce GTX 1080 Ti"
OCL Info: detected device, name: "GeForce GTX 1080 Ti"
ocl dummy initalization duration: 7.47536
instances: 371908
support_refinement_min_support:500
OCL Info: 2 OpenCL platforms have been found
OCL Info: detected platform, name: "Intel(R) OpenCL"
OCL Info: detected platform vendor name: "Intel(R) Corporation"
OCL Info: platform not configured, skipping...
OCL Info: detected platform, name: "NVIDIA CUDA"
OCL Info: detected platform vendor name: "NVIDIA Corporation"
OCL Info: using platform, name: "NVIDIA CUDA"
OCL Info: platform device count: 8
OCL Info: detected device, name: "GeForce GTX 1080 Ti"
OCL Info: using device, name: "GeForce GTX 1080 Ti"
OCL Info: detected device, name: "GeForce GTX 1080 Ti"
OCL Info: using device, name: "GeForce GTX 1080 Ti"
OCL Info: detected device, name: "GeForce GTX 1080 Ti"
OCL Info: using device, name: "GeForce GTX 1080 Ti"
OCL Info: detected device, name: "GeForce GTX 1080 Ti"
OCL Info: using device, name: "GeForce GTX 1080 Ti"
OCL Info: detected device, name: "GeForce GTX 1080 Ti"
OCL Info: detected device, name: "GeForce GTX 1080 Ti"
OCL Info: detected device, name: "GeForce GTX 1080 Ti"
OCL Info: detected device, name: "GeForce GTX 1080 Ti"
ocl_init_duration: 1.2362
warning: support refinement: more than one device configured, using first device only!
building kernel: verify_support
building with optimization flags: 
--- Begin Build Log ---


--- End Build Log ---
num_candidates: 1
num_candidates: 1 num_candidates_padded: 256 grid_size: 256 block_size: 256
duration (s): 0.304711
candidates with support: 1
num_candidates: 10
num_candidates: 10 num_candidates_padded: 256 grid_size: 256 block_size: 256
duration (s): 0.268804
candidates with support: 10
num_candidates: 60
num_candidates: 60 num_candidates_padded: 256 grid_size: 256 block_size: 256
duration (s): 0.276503
candidates with support: 52
num_candidates: 236
num_candidates: 236 num_candidates_padded: 256 grid_size: 256 block_size: 256
duration (s): 0.277895
candidates with support: 181
num_candidates: 706
num_candidates: 706 num_candidates_padded: 768 grid_size: 768 block_size: 256
duration (s): 0.279356
candidates with support: 503
num_candidates: 1786
num_candidates: 1786 num_candidates_padded: 1792 grid_size: 1792 block_size: 256
duration (s): 0.280633
candidates with support: 1241
num_candidates: 4140
num_candidates: 4140 num_candidates_padded: 4352 grid_size: 4352 block_size: 256
duration (s): 0.280774
candidates with support: 2886
num_candidates: 9216
num_candidates: 9216 num_candidates_padded: 9216 grid_size: 9216 block_size: 256
duration (s): 0.31608
candidates with support: 6397
num_candidates: 19682
num_candidates: 19682 num_candidates_padded: 19712 grid_size: 19712 block_size: 256
duration (s): 0.410969
candidates with support: 13464
num_candidates: 40066
num_candidates: 40066 num_candidates_padded: 40192 grid_size: 40192 block_size: 256
duration (s): 0.7897
candidates with support: 26558
datadriven refinement done, grid size: 51293
creating createOperationMultipleEval type: DEFAULT, using base operator factory
creating createOperationMultipleEval grid: Linear type: STREAMING==DEFAULT subType: OCLUNIFIED
OCL Info: 2 OpenCL platforms have been found
OCL Info: detected platform, name: "Intel(R) OpenCL"
OCL Info: detected platform vendor name: "Intel(R) Corporation"
OCL Info: detected platform, name: "NVIDIA CUDA"
OCL Info: detected platform vendor name: "NVIDIA Corporation"
OCL Info: using platform, name: "NVIDIA CUDA"
OCL Info: detected device, name: "GeForce GTX 1080 Ti"
OCL Info: using device, name: "GeForce GTX 1080 Ti"
OCL Info: detected device, name: "GeForce GTX 1080 Ti"
OCL Info: using device, name: "GeForce GTX 1080 Ti"
OCL Info: detected device, name: "GeForce GTX 1080 Ti"
OCL Info: using device, name: "GeForce GTX 1080 Ti"
OCL Info: detected device, name: "GeForce GTX 1080 Ti"
OCL Info: using device, name: "GeForce GTX 1080 Ti"
OCL Info: detected device, name: "GeForce GTX 1080 Ti"
OCL Info: detected device, name: "GeForce GTX 1080 Ti"
OCL Info: detected device, name: "GeForce GTX 1080 Ti"
OCL Info: detected device, name: "GeForce GTX 1080 Ti"
Starting Learning....

Doing refinement: 0
Grid Size: 51293
building with optimization flags: 
building with optimization flags: 
building with optimization flags: 
building with optimization flags: 
--- Begin Build Log ---


--- End Build Log ---
device: GeForce GTX 1080 Ti (0x9444f0)  kernel from: 0 to: 12928 -> range: 12928 (with blocking: 12928)
--- Begin Build Log ---


--- End Build Log ---
device: GeForce GTX 1080 Ti (0x93ccb0)  kernel from: 12928 to: 25856 -> range: 12928 (with blocking: 12928)
--- Begin Build Log ---


--- End Build Log ---
device: GeForce GTX 1080 Ti (0x944cf0)  kernel from: 25856 to: 38784 -> range: 12928 (with blocking: 12928)
--- Begin Build Log ---


--- End Build Log ---
device: GeForce GTX 1080 Ti (0x945730)  kernel from: 38784 to: 51328 -> range: 12544 (with blocking: 12544)
device: 0x93ccb0 duration: 0.0194918
device: 0x945730 duration: 0.0248228
device: 0x9444f0 duration: 0.0247808
device: 0x944cf0 duration: 0.0248013
duration multTranspose ocl mod: 0.160965
building with optimization flags: 
building with optimization flags: building with optimization flags: 

building with optimization flags: 
--- Begin Build Log ---


--- End Build Log ---
--- Begin Build Log ---


--- End Build Log ---
--- Begin Build Log ---


--- End Build Log ---
--- Begin Build Log ---


--- End Build Log ---
device: 0x944cf0 kernel from: 0 to: 93056 -> range: 93056
device: 0x945730 kernel from: 93056 to: 186112 -> range: 93056
device: 0x9444f0 kernel from: 186112 to: 279168 -> range: 93056
device: 0x93ccb0 kernel from: 279168 to: 371968 -> range: 92800
device: 0x93ccb0 duration: 0.0397844
device: 0x945730 duration: 0.0509225
device: 0x944cf0 duration: 0.0507894
device: 0x9444f0 duration: 0.050695
duration mult ocl mod: 0.15028
device: GeForce GTX 1080 Ti (0x945730)  kernel from: 0 to: 12928 -> range: 12928 (with blocking: 12928)
device: GeForce GTX 1080 Ti (0x93ccb0)  kernel from: 25856 to: 38784 -> range: 12928 (with blocking: 12928)
device: GeForce GTX 1080 Ti (0x944cf0)  kernel from: 38784 to: 51328 -> range: 12544 (with blocking: 12544)
device: GeForce GTX 1080 Ti (0x9444f0)  kernel from: 12928 to: 25856 -> range: 12928 (with blocking: 12928)
device: 0x93ccb0 duration: 0.0194048
device: 0x944cf0 duration: 0.0247757
device: 0x9444f0 duration: device: 0x945730 duration: 0.0247337
0.0248033
duration multTranspose ocl mod: 0.0384658
device: 0x9444f0 kernel from: 0 to: 93056 -> range: 93056
device: 0x944cf0 kernel from: 93056 to: 186112 -> range: 93056
device: 0x945730 kernel from: 186112 to: 279168 -> range: 93056
device: 0x93ccb0 kernel from: 279168 to: 371968 -> range: 92800
device: 0x93ccb0 duration: 0.0397978
device: 0x9444f0 duration: 0.0507781
device: 0x944cf0 duration: 0.0507638
device: 0x945730 duration: 0.0509573
duration mult ocl mod: 0.0601174
device: GeForce GTX 1080 Ti (0x944cf0)  kernel from: 0 to: 12928 -> range: 12928 (with blocking: 12928)
device: GeForce GTX 1080 Ti (0x93ccb0)  kernel from: 38784 to: 51328 -> range: 12544 (with blocking: 12544)
device: GeForce GTX 1080 Ti (0x945730)  kernel from: 12928 to: 25856 -> range: 12928 (with blocking: 12928)
device: GeForce GTX 1080 Ti (0x9444f0)  kernel from: 25856 to: 38784 -> range: 12928 (with blocking: 12928)
device: 0x93ccb0 duration: 0.0194325
device: 0x944cf0 duration: 0.0247869
device: 0x945730 duration: 0.0248802
device: 0x9444f0 duration: 0.0247173
duration multTranspose ocl mod: 0.0383523
device: 0x945730 kernel from: 0 to: 93056 -> range: 93056
device: 0x93ccb0 kernel from: 93056 to: 186112 -> range: 93056
device: 0x9444f0 kernel from: 186112 to: 279168 -> range: 93056
device: 0x944cf0 kernel from: 279168 to: 371968 -> range: 92800
device: 0x93ccb0 duration: 0.0397875
device: 0x945730 duration: 0.0477901
device: 0x9444f0 duration: 0.0482816
device: 0x944cf0 duration: 0.0495165
duration mult ocl mod: 0.0579865
device: GeForce GTX 1080 Ti (0x944cf0)  kernel from: 0 to: 12928 -> range: 12928 (with blocking: 12928)
device: GeForce GTX 1080 Ti (0x945730)  kernel from: 38784 to: 51328 -> range: 12544 (with blocking: 12544)
device: GeForce GTX 1080 Ti (0x93ccb0)  kernel from: 25856 to: 38784 -> range: 12928 (with blocking: 12928)
device: GeForce GTX 1080 Ti (0x9444f0)  kernel from: 12928 to: 25856 -> range: 12928 (with blocking: 12928)
device: 0x93ccb0 duration: 0.0194253
device: 0x9444f0 duration: 0.0226355
device: 0x944cf0 duration: 0.0225526
device: 0x945730 duration: 0.0224645
duration multTranspose ocl mod: 0.0449823
device: 0x945730 kernel from: 0 to: 93056 -> range: 93056
device: 0x93ccb0 kernel from: 93056 to: 186112 -> range: 93056
device: 0x944cf0 kernel from: 186112 to: 279168 -> range: 93056
device: 0x9444f0 kernel from: 279168 to: 371968 -> range: 92800
device: 0x93ccb0 duration: 0.0397988
device: 0x945730 duration: 0.0459807
device: 0x944cf0 duration: 0.0461681
device: 0x9444f0 duration: 0.0463647
duration mult ocl mod: 0.0548867
device: GeForce GTX 1080 Ti (0x945730)  kernel from: 0 to: 12928 -> range: 12928 (with blocking: 12928)
device: GeForce GTX 1080 Ti (0x93ccb0)  kernel from: 38784 to: 51328 -> range: 12544 (with blocking: 12544)
device: GeForce GTX 1080 Ti (0x944cf0)  kernel from: 25856 to: 38784 -> range: 12928 (with blocking: 12928)
device: GeForce GTX 1080 Ti (0x9444f0)  kernel from: 12928 to: 25856 -> range: 12928 (with blocking: 12928)
device: 0x945730 duration: 0.0220795
device: 0x944cf0 duration: 0.0225751device: 
0x93ccb0 duration: 0.0194007
device: 0x9444f0 duration: 0.0216351
duration multTranspose ocl mod: 0.0366441
device: 0x9444f0 kernel from: 0 to: 93056 -> range: 93056
device: 0x944cf0 kernel from: 93056 to: 186112 -> range: 93056
device: 0x945730 kernel from: 186112 to: 279168 -> range: 93056
device: 0x93ccb0 kernel from: 279168 to: 371968 -> range: 92800
device: 0x93ccb0 duration: 0.0398029
device: 0x9444f0 duration: 0.041813
device: 0x945730 duration: device: 0x944cf0 duration: 0.0417873
0.0418816
duration mult ocl mod: 0.0584827
device: GeForce GTX 1080 Ti (0x944cf0)  kernel from: 0 to: 12928 -> range: 12928 (with blocking: 12928)
device: GeForce GTX 1080 Ti (0x93ccb0)  kernel from: 38784 to: 51328 -> range: 12544 (with blocking: 12544)
device: GeForce GTX 1080 Ti (0x9444f0)  kernel from: 25856 to: 38784 -> range: 12928 (with blocking: 12928)
device: GeForce GTX 1080 Ti (0x945730)  kernel from: 12928 to: 25856 -> range: 12928 (with blocking: 12928)
device: 0x93ccb0 duration: 0.0194048
device: 0x945730 duration: 0.0203756
device: 0x944cf0 duration: 0.0204462
device: 0x9444f0 duration: 0.0204709
duration multTranspose ocl mod: 0.0310039
device: 0x945730 kernel from: 0 to: 93056 -> range: 93056
device: 0x944cf0 kernel from: 93056 to: 186112 -> range: 93056
device: 0x9444f0 kernel from: 186112 to: 279168 -> range: 93056
device: 0x93ccb0 kernel from: 279168 to: 371968 -> range: 92800
device: 0x93ccb0 duration: 0.0398254
device: 0x9444f0 duration: 0.0417987
device: 0x945730 duration: 0.0417638
device: 0x944cf0 duration: 0.041814
duration mult ocl mod: 0.0468857
device: GeForce GTX 1080 Ti (0x9444f0)  kernel from: 0 to: 12928 -> range: 12928 (with blocking: 12928)
device: GeForce GTX 1080 Ti (0x93ccb0)  kernel from: 25856 to: 38784 -> range: 12928 (with blocking: 12928)
device: GeForce GTX 1080 Ti (0x945730)  kernel from: 38784 to: 51328 -> range: 12544 (with blocking: 12544)
device: GeForce GTX 1080 Ti (0x944cf0)  kernel from: 12928 to: 25856 -> range: 12928 (with blocking: 12928)
device: 0x9444f0 duration: 0.0197632
device: 0x945730 duration: 0.0191825
device: 0x93ccb0 duration: 0.0194263
device: 0x944cf0 duration: 0.0197509
duration multTranspose ocl mod: 0.0472056
device: 0x945730 kernel from: 0 to: 93056 -> range: 93056
device: 0x9444f0 kernel from: 93056 to: 186112 -> range: 93056
device: 0x944cf0 kernel from: 186112 to: 279168 -> range: 93056
device: 0x93ccb0 kernel from: 279168 to: 371968 -> range: 92800
device: 0x945730 duration: 0.0392755
device: 0x9444f0 duration: 0.0404019
device: 0x944cf0 duration: 0.0401152
device: 0x93ccb0 duration: 0.0398234
duration mult ocl mod: 0.0456733
device: GeForce GTX 1080 Ti (0x945730)  kernel from: 0 to: 12928 -> range: 12928 (with blocking: 12928)
device: GeForce GTX 1080 Ti (0x93ccb0)  kernel from: 38784 to: 51328 -> range: 12544 (with blocking: 12544)
device: GeForce GTX 1080 Ti (0x944cf0)  kernel from: 25856 to: 38784 -> range: 12928 (with blocking: 12928)
device: GeForce GTX 1080 Ti (0x9444f0)  kernel from: 12928 to: 25856 -> range: 12928 (with blocking: 12928)
device: 0x944cf0 duration: 0.019583
device: 0x945730 duration: 0.0192286
device: 0x93ccb0 duration: 0.0194693
device: 0x9444f0 duration: 0.0198041
duration multTranspose ocl mod: 0.0357307
device: 0x945730 kernel from: 0 to: 93056 -> range: 93056
device: 0x944cf0 kernel from: 93056 to: 186112 -> range: 93056
device: 0x93ccb0 kernel from: 186112 to: 279168 -> range: 93056
device: 0x9444f0 kernel from: 279168 to: 371968 -> range: 92800
device: 0x945730 duration: 0.0393113
device: 0x944cf0 duration: 0.0400886
device: 0x93ccb0 duration: 0.0398314
device: 0x9444f0 duration: 0.0403968
duration mult ocl mod: 0.0505375
device: GeForce GTX 1080 Ti (0x944cf0)  kernel from: 0 to: 12928 -> range: 12928 (with blocking: 12928)
device: GeForce GTX 1080 Ti (0x9444f0)  kernel from: 12928 to: 25856 -> range: 12928 (with blocking: 12928)
device: GeForce GTX 1080 Ti (0x93ccb0)  kernel from: 38784 to: 51328 -> range: 12544 (with blocking: 12544)
device: GeForce GTX 1080 Ti (0x945730)  kernel from: 25856 to: 38784 -> range: 12928 (with blocking: 12928)
device: 0x945730 duration: 0.0192123
device: 0x93ccb0 duration: 0.0194427
device: 0x944cf0 duration: 0.0195901
device: 0x9444f0 duration: 0.0197489
duration multTranspose ocl mod: 0.0300608
device: 0x945730 kernel from: 0 to: 93056 -> range: 93056
device: 0x93ccb0device: 0x944cf0 kernel from: 186112 to: 279168 kernel from:  -> range: 9305693056
 to: 186112 -> range: 93056
device: 0x9444f0 kernel from: 279168 to: 371968 -> range: 92800
device: 0x945730 duration: 0.039294
device: 0x93ccb0 duration: device: 0.03981410x944cf0 duration: 
0.0401142
device: 0x9444f0 duration: 0.0404029
duration mult ocl mod: 0.0453015
device: GeForce GTX 1080 Ti (0x944cf0)  kernel from: 0 to: 12928 -> range: 12928 (with blocking: 12928)
device: GeForce GTX 1080 Ti (0x93ccb0)  kernel from: 38784 to: 51328 -> range: 12544 (with blocking: 12544)
device: GeForce GTX 1080 Ti (0x945730)  kernel from: 12928 to: 25856 -> range: 12928 (with blocking: 12928)
device: GeForce GTX 1080 Ti (0x9444f0)  kernel from: 25856 to: 38784 -> range: 12928 (with blocking: 12928)
device: 0x945730 duration: 0.0191949
device: 0x944cf0 duration: 0.0195492
device: 0x93ccb0 duration: 0.0193884
device: 0x9444f0 duration: 0.0197888
duration multTranspose ocl mod: 0.0303982
device: 0x9444f0 kernel from: 0 to: 93056 -> range: 93056
device: 0x944cf0 kernel from: 93056 to: 186112 -> range: 93056
device: 0x945730 kernel from: 186112 to: 279168 -> range: 93056
device: 0x93ccb0 kernel from: 279168 to: 371968 -> range: 92800
device: 0x945730 duration: 0.039295
device: 0x9444f0 duration: 0.0404152
device: 0x944cf0 duration: 0.0401224
device: 0x93ccb0 duration: 0.0399809
duration mult ocl mod: 0.0494924
device: GeForce GTX 1080 Ti (0x944cf0)  kernel from: 0 to: 12928 -> range: 12928 (with blocking: 12928)
device: GeForce GTX 1080 Ti (0x93ccb0)  kernel from: 38784 to: 51328 -> range: 12544 (with blocking: 12544)
device: GeForce GTX 1080 Ti (0x9444f0)  kernel from: 12928 to: 25856 -> range: 12928 (with blocking: 12928)
device: GeForce GTX 1080 Ti (0x945730)  kernel from: 25856 to: 38784 -> range: 12928 (with blocking: 12928)
device: 0x945730 duration: 0.0192768
device: 0x944cf0 duration: 0.0196106
device: 0x93ccb0 duration: 0.0194406
device: 0x9444f0 duration: 0.019796
duration multTranspose ocl mod: 0.0297445
device: 0x945730 kernel from: 0 to: 93056 -> range: 93056
device: 0x9444f0 kernel from: 93056 to: 186112 -> range: 93056
device: 0x944cf0 kernel from: 186112 to: 279168 -> range: 93056
device: 0x93ccb0 kernel from: 279168 to: 371968 -> range: 92800
device: 0x9444f0 duration: 0.040415
device: 0x945730 duration: 0.0397332
device: 0x944cf0 duration: 0.0401182
device: 0x93ccb0 duration: 0.0398254
duration mult ocl mod: 0.0512605
device: GeForce GTX 1080 Ti (0x945730)  kernel from: 0 to: 12928 -> range: 12928 (with blocking: 12928)
device: GeForce GTX 1080 Ti (0x944cf0)  kernel from: 12928 to: 25856 -> range: 12928 (with blocking: 12928)
device: GeForce GTX 1080 Ti (0x93ccb0)  kernel from: 25856 to: 38784 -> range: 12928 (with blocking: 12928)
device: GeForce GTX 1080 Ti (0x9444f0)  kernel from: 38784 to: 51328 -> range: 12544 (with blocking: 12544)
device: 0x9444f0 duration: 0.0197304
device: 0x93ccb0 duration: 0.0194222
device: 0x945730 duration: 0.0193096
device: 0x944cf0 duration: 0.0195727
duration multTranspose ocl mod: 0.0356548
device: 0x9444f0 kernel from: 0 to: 93056 -> range: 93056
device: 0x945730 kernel from: 93056 to: 186112 -> range: 93056
device: 0x944cf0 kernel from: 186112 to: 279168 -> range: 93056
device: 0x93ccb0 kernel from: 279168 to: 371968 -> range: 92800
device: 0x945730 duration: 0.0395162
device: 0x9444f0 duration: 0.0404306
device: 0x93ccb0 duration: device: 0x944cf0 duration: 0.0398305
0.0401193
duration mult ocl mod: 0.0458412
device: GeForce GTX 1080 Ti (0x9444f0)  kernel from: 0 to: 12928 -> range: 12928 (with blocking: 12928)
device: GeForce GTX 1080 Ti (0x93ccb0)  kernel from: 38784 to: 51328 -> range: 12544 (with blocking: 12544)
device: GeForce GTX 1080 Ti (0x945730)  kernel from: 25856 to: 38784 -> range: 12928 (with blocking: 12928)
device: GeForce GTX 1080 Ti (0x944cf0)  kernel from: 12928 to: 25856 -> range: 12928 (with blocking: 12928)
device: 0x945730 duration: 0.0192817
device: 0x93ccb0 duration: 0.0194036
device: 0x944cf0 duration: 0.0195625
device: 0x9444f0 duration: 0.0197868
duration multTranspose ocl mod: 0.0330974
device: 0x945730 kernel from: 0 to: 93056 -> range: 93056
device: 0x9444f0 kernel from: 93056 to: 186112 -> range: 93056
device: 0x944cf0 kernel from: 186112 to: 279168 -> range: 93056
device: 0x93ccb0 kernel from: 279168 to: 371968 -> range: 92800
device: 0x945730 duration: 0.0395254
device: 0x9444f0 duration: 0.0404091
device: 0x944cf0 duration: 0.040106
device: 0x93ccb0 duration: 0.0398264
duration mult ocl mod: 0.0458221
device: GeForce GTX 1080 Ti (0x945730)  kernel from: 0 to: 12928 -> range: 12928 (with blocking: 12928)
device: GeForce GTX 1080 Ti (0x9444f0)  kernel from: 25856 to: 38784 -> range: 12928 (with blocking: 12928)
device: GeForce GTX 1080 Ti (0x944cf0)  kernel from: 38784 to: 51328 -> range: 12544 (with blocking: 12544)
device: GeForce GTX 1080 Ti (0x93ccb0)  kernel from: 12928 to: 25856 -> range: 12928 (with blocking: 12928)
device: 0x944cf0 duration: 0.0196197
device: 0x945730 duration: 0.0193423
device: 0x93ccb0 duration: 0.0194621
device: 0x9444f0 duration: 0.0197755
duration multTranspose ocl mod: 0.0354277
device: 0x945730 kernel from: 0 to: 93056 -> range: 93056
device: 0x944cf0 kernel from: 93056 to: 186112 -> range: 93056
device: 0x93ccb0 kernel from: 186112 to: 279168 -> range: 93056
device: 0x9444f0 kernel from: 279168 to: 371968 -> range: 92800
device: 0x945730 duration: 0.0394752
device: 0x93ccb0 duration: device: 0x944cf0 duration: 0.039806
0.0401367
device: 0x9444f0 duration: 0.0404122
duration mult ocl mod: 0.0487114
device: GeForce GTX 1080 Ti (0x945730)  kernel from: 0 to: 12928 -> range: 12928 (with blocking: 12928)
device: GeForce GTX 1080 Ti (0x944cf0)  kernel from: 38784 to: 51328 -> range: 12544 (with blocking: 12544)
device: GeForce GTX 1080 Ti (0x9444f0)  kernel from: 12928 to: 25856 -> range: 12928 (with blocking: 12928)
device: GeForce GTX 1080 Ti (0x93ccb0)  kernel from: 25856 to: 38784 -> range: 12928 (with blocking: 12928)
device: 0x945730 duration: 0.0193014
device: 0x944cf0 duration: device: 0x93ccb0 duration: 0.0195901
0.0194263
device: 0x9444f0 duration: 0.0197704
duration multTranspose ocl mod: 0.029397
device: 0x945730 kernel from: 0 to: 93056 -> range: 93056
device: 0x9444f0 kernel from: 93056 to: 186112 -> range: 93056
device: 0x944cf0 kernel from: 186112 to: 279168 -> range: 93056
device: 0x93ccb0 kernel from: 279168 to: 371968 -> range: 92800
device: 0x945730 duration: 0.0395203
device: 0x9444f0 duration: device: 0x93ccb0 duration: 0.0404234
device: 0x944cf0 duration: 0.0398121
0.0401326
duration mult ocl mod: 0.0489195
device: GeForce GTX 1080 Ti (0x9444f0)  kernel from: 0 to: 12928 -> range: 12928 (with blocking: 12928)
device: GeForce GTX 1080 Ti (0x944cf0)  kernel from: 12928 to: 25856 -> range: 12928 (with blocking: 12928)
device: GeForce GTX 1080 Ti (0x945730)  kernel from: 38784 to: 51328 -> range: 12544 (with blocking: 12544)
device: GeForce GTX 1080 Ti (0x93ccb0)  kernel from: 25856 to: 38784 -> range: 12928 (with blocking: 12928)
device: 0x945730 duration: 0.0192995
device: 0x944cf0 duration: device: 0x93ccb0 duration: 0.019582
0.0194652
device: 0x9444f0 duration: 0.0198196
duration multTranspose ocl mod: 0.0355536
device: 0x9444f0 kernel from: 0 to: 93056 -> range: 93056
device: 0x945730 kernel from: 93056 to: 186112 -> range: 93056
device: 0x944cf0 kernel from: 186112 to: 279168 -> range: 93056
device: 0x93ccb0 kernel from: 279168 to: 371968 -> range: 92800
device: 0x945730 duration: 0.0394947
device: 0x9444f0 duration: 0.0404079
device: 0x93ccb0 duration: 0.0397957
device: 0x944cf0 duration: 0.0401161
duration mult ocl mod: 0.045528
device: GeForce GTX 1080 Ti (0x944cf0)  kernel from: 0 to: 12928 -> range: 12928 (with blocking: 12928)
device: GeForce GTX 1080 Ti (0x93ccb0)  kernel from: 38784 to: 51328 -> range: 12544 (with blocking: 12544)
device: GeForce GTX 1080 Ti (0x945730)  kernel from: 25856 to: 38784 -> range: 12928 (with blocking: 12928)
device: GeForce GTX 1080 Ti (0x9444f0)  kernel from: 12928 to: 25856 -> range: 12928 (with blocking: 12928)
device: 0x945730 duration: 0.0192901
device: 0x9444f0 duration: 0.0197827
device: 0x93ccb0 duration: 0.0194355
device: 0x944cf0 duration: 0.0195891
duration multTranspose ocl mod: 0.0356644
device: 0x9444f0 kernel from: 0 to: 93056 -> range: 93056
device: 0x944cf0 kernel from: 93056 to: 186112 -> range: 93056
device: 0x945730 kernel from: 186112 to: 279168 -> range: 93056
device: 0x93ccb0 kernel from: 279168 to: 371968 -> range: 92800
device: 0x945730 duration: 0.0395028
device: 0x93ccb0 duration: device: 0x944cf0 duration: 0.0398111
0.040112
device: 0x9444f0 duration: 0.0404173
duration mult ocl mod: 0.0451724
device: GeForce GTX 1080 Ti (0x945730)  kernel from: 0 to: 12928 -> range: 12928 (with blocking: 12928)
device: GeForce GTX 1080 Ti (0x944cf0)  kernel from: 12928 to: 25856 -> range: 12928 (with blocking: 12928)
device: GeForce GTX 1080 Ti (0x93ccb0)  kernel from: 38784 to: 51328 -> range: 12544 (with blocking: 12544)
device: GeForce GTX 1080 Ti (0x9444f0)  kernel from: 25856 to: 38784 -> range: 12928 (with blocking: 12928)
device: 0x945730 duration: 0.0193567
device: 0x93ccb0 duration: 0.0194324
device: 0x944cf0 duration: 0.0195697
device: 0x9444f0 duration: 0.0197888
duration multTranspose ocl mod: 0.029161
device: 0x945730 kernel from: 0 to: 93056 -> range: 93056
device: 0x93ccb0 kernel from: 93056 to: 186112 -> range: 93056
device: 0x944cf0 kernel from: 186112 to: 279168 -> range: 93056
device: 0x9444f0 kernel from: 279168 to: 371968 -> range: 92800
device: 0x945730 duration: 0.0395274
device: 0x93ccb0 duration: 0.0398203
device: 0x9444f0 duration: 0.0404296
device: 0x944cf0 duration: 0.0401551
duration mult ocl mod: 0.0508386
device: GeForce GTX 1080 Ti (0x945730)  kernel from: 0 to: 12928 -> range: 12928 (with blocking: 12928)
device: GeForce GTX 1080 Ti (0x944cf0)  kernel from: 25856 to: 38784 -> range: 12928 (with blocking: 12928)
device: GeForce GTX 1080 Ti (0x93ccb0)  kernel from: 12928 to: 25856 -> range: 12928 (with blocking: 12928)
device: GeForce GTX 1080 Ti (0x9444f0)  kernel from: 38784 to: 51328 -> range: 12544 (with blocking: 12544)
device: 0x945730 duration: 0.0192972
device: 0x93ccb0 duration: 0.0194724
device: 0x9444f0 duration: 0.0197774
device: 0x944cf0 duration: 0.0196209
duration multTranspose ocl mod: 0.0418207
device: 0x944cf0 kernel from: 0 to: 93056 -> range: 93056
device: 0x945730 kernel from: 93056 to: 186112 -> range: 93056
device: 0x93ccb0 kernel from: 186112 to: 279168 -> range: 93056
device: 0x9444f0 kernel from: 279168 to: 371968 -> range: 92800
device: 0x945730 duration: 0.0395213
device: 0x944cf0 duration: 0.0401213
device: 0x93ccb0 duration: 0.0397978
device: 0x9444f0 duration: 0.0404224
duration mult ocl mod: 0.0452258
device: GeForce GTX 1080 Ti (0x945730)  kernel from: 0 to: 12928 -> range: 12928 (with blocking: 12928)
device: GeForce GTX 1080 Ti (0x9444f0)  kernel from: 38784 to: 51328 -> range: 12544 (with blocking: 12544)
device: GeForce GTX 1080 Ti (0x93ccb0)  kernel from: 25856 to: 38784 -> range: 12928 (with blocking: 12928)
device: GeForce GTX 1080 Ti (0x944cf0)  kernel from: 12928 to: 25856 -> range: 12928 (with blocking: 12928)
device: 0x945730 duration: 0.0193331
device: 0x93ccb0 duration: 0.0194243
device: 0x944cf0 duration: 0.0195758
device: 0x9444f0 duration: 0.0198032
duration multTranspose ocl mod: 0.0295838
device: 0x93ccb0 kernel from: 0 to: 93056 -> range: 93056
device: 0x945730 kernel from: 93056 to: 186112 -> range: 93056
device: 0x9444f0 kernel from: 186112 to: 279168 -> range: 93056
device: 0x944cf0 kernel from: 279168 to: 371968 -> range: 92800
device: 0x945730 duration: device: 0x93ccb0 duration: 0.0397312
0.0398101
device: 0x944cf0 duration: 0.040105
device: 0x9444f0 duration: 0.0404142
duration mult ocl mod: 0.0493856
device: GeForce GTX 1080 Ti (0x945730)  kernel from: 0 to: 12928 -> range: 12928 (with blocking: 12928)
device: GeForce GTX 1080 Ti (0x944cf0)  kernel from: 38784 to: 51328 -> range: 12544 (with blocking: 12544)
device: GeForce GTX 1080 Ti (0x93ccb0)  kernel from: 12928 to: 25856 -> range: 12928 (with blocking: 12928)
device: GeForce GTX 1080 Ti (0x9444f0)  kernel from: 25856 to: 38784 -> range: 12928 (with blocking: 12928)
device: 0x944cf0 duration: 0.0196198
device: 0x9444f0 duration: 0.019797
device: 0x945730 duration: 0.0193147
device: 0x93ccb0 duration: 0.0194284
duration multTranspose ocl mod: 0.0318959
device: 0x944cf0 kernel from: 0 to: 93056 -> range: 93056
device: 0x9444f0 kernel from: 93056 to: 186112 -> range: 93056
device: 0x945730 kernel from: 186112 to: 279168 -> range: 93056
device: 0x93ccb0 kernel from: 279168 to: 371968 -> range: 92800
device: 0x945730 duration: 0.0395263
device: 0x944cf0 duration: 0.0401182
device: 0x9444f0 duration: 0.0404284
device: 0x93ccb0 duration: 0.0398244
duration mult ocl mod: 0.0496009
device: GeForce GTX 1080 Ti (0x944cf0)  kernel from: 0 to: 12928 -> range: 12928 (with blocking: 12928)
device: GeForce GTX 1080 Ti (0x93ccb0)  kernel from: 12928 to: 25856 -> range: 12928 (with blocking: 12928)
device: GeForce GTX 1080 Ti (0x945730)  kernel from: 25856 to: 38784 -> range: 12928 (with blocking: 12928)
device: GeForce GTX 1080 Ti (0x9444f0)  kernel from: 38784 to: 51328 -> range: 12544 (with blocking: 12544)
device: 0x944cf0 duration: 0.0196239
device: 0x93ccb0 duration: 0.0194355
device: 0x945730 duration: 0.019329
device: 0x9444f0 duration: 0.0197836
duration multTranspose ocl mod: 0.0332563
device: 0x93ccb0 kernel from: 0 to: 93056 -> range: 93056
device: 0x944cf0 kernel from: 93056 to: 186112 -> range: 93056
device: 0x9444f0 kernel from: 186112 to: 279168 -> range: 93056
device: 0x945730 kernel from: 279168 to: 371968 -> range: 92800
device: 0x93ccb0 duration: 0.0398152
device: 0x944cf0 duration: 0.0401192
device: 0x9444f0 duration: 0.0404244
device: 0x945730 duration: 0.0407613
duration mult ocl mod: 0.0507294
device: GeForce GTX 1080 Ti (0x944cf0)  kernel from: 0 to: 12928 -> range: 12928 (with blocking: 12928)
device: GeForce GTX 1080 Ti (0x945730)  kernel from: 12928 to: 25856 -> range: 12928 (with blocking: 12928)
device: GeForce GTX 1080 Ti (0x93ccb0)  kernel from: 25856 to: 38784 -> range: 12928 (with blocking: 12928)
device: GeForce GTX 1080 Ti (0x9444f0)  kernel from: 38784 to: 51328 -> range: 12544 (with blocking: 12544)
device: 0x945730 duration: 0.0193126
device: 0x944cf0 duration: device: 0x93ccb0 duration: 0.0195644
0.0194396
device: 0x9444f0 duration: 0.0197448
duration multTranspose ocl mod: 0.0282267
device: 0x945730 kernel from: 0 to: 93056 -> range: 93056
device: 0x93ccb0 kernel from: 93056 to: 186112 -> range: 93056
device: 0x944cf0 kernel from: 186112 to: 279168 -> range: 93056
device: 0x9444f0 kernel from: 279168 to: 371968 -> range: 92800
device: 0x945730 duration: 0.0395151
device: 0x944cf0 duration: device: 0x93ccb0 duration: 0.040148
0.0398008
device: 0x9444f0 duration: 0.0404163
duration mult ocl mod: 0.049922
device: GeForce GTX 1080 Ti (0x944cf0)  kernel from: 0 to: 12928 -> range: 12928 (with blocking: 12928)
device: GeForce GTX 1080 Ti (0x93ccb0)  kernel from: 38784 to: 51328 -> range: 12544 (with blocking: 12544)
device: GeForce GTX 1080 Ti (0x945730)  kernel from: 25856 to: 38784 -> range: 12928 (with blocking: 12928)
device: GeForce GTX 1080 Ti (0x9444f0)  kernel from: 12928 to: 25856 -> range: 12928 (with blocking: 12928)
device: 0x945730 duration: 0.019326
device: 0x944cf0 duration: 0.0195932
device: 0x93ccb0 duration: 0.0194294
device: 0x9444f0 duration: 0.019758
duration multTranspose ocl mod: 0.0356412
device: 0x944cf0 kernel from: 0 to: 93056 -> range: 93056
device: 0x93ccb0 kernel from: 93056 to: 186112 -> range: 93056
device: 0x945730 kernel from: 186112 to: 279168 -> range: 93056
device: 0x9444f0 kernel from: 279168 to: 371968 -> range: 92800
device: 0x945730 duration: 0.039723
device: 0x93ccb0 duration: 0.0398111
device: 0x9444f0 duration: 0.0404089
device: 0x944cf0 duration: 0.0401254
duration mult ocl mod: 0.0457152
device: GeForce GTX 1080 Ti (0x945730)  kernel from: 0 to: 12928 -> range: 12928 (with blocking: 12928)
device: GeForce GTX 1080 Ti (0x944cf0)  kernel from: 25856 to: 38784 -> range: 12928 (with blocking: 12928)
device: GeForce GTX 1080 Ti (0x93ccb0)  kernel from: 12928 to: 25856 -> range: 12928 (with blocking: 12928)
device: GeForce GTX 1080 Ti (0x9444f0)  kernel from: 38784 to: 51328 -> range: 12544 (with blocking: 12544)
device: 0x945730 duration: 0.0193218
device: 0x93ccb0 duration: 0.0194499
device: 0x9444f0 duration: 0.0197704
device: 0x944cf0 duration: 0.0195809
duration multTranspose ocl mod: 0.0324879
device: 0x93ccb0 kernel from: 0 to: 93056 -> range: 93056
device: 0x945730 kernel from: 93056 to: 186112 -> range: 93056
device: 0x9444f0 kernel from: 186112 to: 279168 -> range: 93056
device: 0x944cf0 kernel from: 279168 to: 371968 -> range: 92800
device: 0x93ccb0 duration: device: 0x945730 duration: 0.0398019
0.0395069
device: 0x9444f0 duration: 0.0404009
device: 0x944cf0 duration: 0.040107
duration mult ocl mod: 0.0484854
device: GeForce GTX 1080 Ti (0x9444f0)  kernel from: 0 to: 12928 -> range: 12928 (with blocking: 12928)
device: GeForce GTX 1080 Ti (0x944cf0)  kernel from: 25856 to: 38784 -> range: 12928 (with blocking: 12928)
device: GeForce GTX 1080 Ti (0x945730)  kernel from: 38784 to: 51328 -> range: 12544 (with blocking: 12544)
device: GeForce GTX 1080 Ti (0x93ccb0)  kernel from: 12928 to: 25856 -> range: 12928 (with blocking: 12928)
device: 0x944cf0 duration: 0.0195789
device: 0x93ccb0 duration: 0.0194345
device: 0x9444f0 duration: 0.0197868
device: 0x945730 duration: 0.0193894
duration multTranspose ocl mod: 0.0322753
device: 0x9444f0 kernel from: 0 to: 93056 -> range: 93056
device: 0x945730 kernel from: 93056 to: 186112 -> range: 93056
device: 0x944cf0 kernel from: 186112 to: 279168 -> range: 93056
device: 0x93ccb0 kernel from: 279168 to: 371968 -> range: 92800
device: 0x945730 duration: 0.0395008
device: 0x9444f0 duration: 0.0404163
device: 0x93ccb0 duration: 0.0397998
device: 0x944cf0 duration: 0.0401121
duration mult ocl mod: 0.0484622
device: GeForce GTX 1080 Ti (0x944cf0)  kernel from: 0 to: 12928 -> range: 12928 (with blocking: 12928)
device: GeForce GTX 1080 Ti (0x945730)  kernel from: 25856 to: 38784 -> range: 12928 (with blocking: 12928)
device: GeForce GTX 1080 Ti (0x9444f0)  kernel from: 12928 to: 25856 -> range: 12928 (with blocking: 12928)
device: GeForce GTX 1080 Ti (0x93ccb0)  kernel from: 38784 to: 51328 -> range: 12544 (with blocking: 12544)
device: 0x945730 duration: 0.0192891
device: 0x93ccb0 duration: 0.0194192
device: 0x944cf0 duration: 0.0196034
device: 0x9444f0 duration: 0.0197928
duration multTranspose ocl mod: 0.0326855
device: 0x945730 kernel from: 0 to: 93056 -> range: 93056
device: 0x9444f0 kernel from: 93056 to: 186112 -> range: 93056
device: 0x93ccb0 kernel from: 186112 to: 279168 -> range: 93056
device: 0x944cf0 kernel from: 279168 to: 371968 -> range: 92800
device: 0x945730 duration: 0.0395254
device: 0x93ccb0 duration: 0.039808
device: 0x9444f0 duration: 0.0404348
device: 0x944cf0 duration: 0.0401152
duration mult ocl mod: 0.0505195
device: GeForce GTX 1080 Ti (0x944cf0)  kernel from: 0 to: 12928 -> range: 12928 (with blocking: 12928)
device: GeForce GTX 1080 Ti (0x93ccb0)  kernel from: 38784 to: 51328 -> range: 12544 (with blocking: 12544)
device: GeForce GTX 1080 Ti (0x945730)  kernel from: 12928 to: 25856 -> range: 12928 (with blocking: 12928)
device: GeForce GTX 1080 Ti (0x9444f0)  kernel from: 25856 to: 38784 -> range: 12928 (with blocking: 12928)
device: 0x945730 duration: 0.0192911
device: 0x93ccb0 duration: 0.0193946
device: 0x944cf0 duration: 0.0196403
device: 0x9444f0 duration: 0.0197652
duration multTranspose ocl mod: 0.0289282
device: 0x945730 kernel from: 0 to: 93056 -> range: 93056
device: 0x9444f0 kernel from: 93056 to: 186112 -> range: 93056
device: 0x944cf0 kernel from: 186112 to: 279168 -> range: 93056
device: 0x93ccb0 kernel from: 279168 to: 371968 -> range: 92800
device: 0x945730 duration: 0.0395284
device: 0x944cf0 duration: 0.0401275
device: 0x9444f0 duration: 0.0404274
device: 0x93ccb0 duration: 0.0397906
duration mult ocl mod: 0.0510801
device: GeForce GTX 1080 Ti (0x944cf0)  kernel from: 0 to: 12928 -> range: 12928 (with blocking: 12928)
device: GeForce GTX 1080 Ti (0x945730)  kernel from: 12928 to: 25856 -> range: 12928 (with blocking: 12928)
device: GeForce GTX 1080 Ti (0x93ccb0)  kernel from: 38784 to: 51328 -> range: 12544 (with blocking: 12544)
device: GeForce GTX 1080 Ti (0x9444f0)  kernel from: 25856 to: 38784 -> range: 12928 (with blocking: 12928)
device: 0x945730 duration: 0.0193484
device: 0x93ccb0 duration: 0.0193935
device: 0x944cf0 duration: 0.0195799
device: 0x9444f0 duration: 0.0198154
duration multTranspose ocl mod: 0.0288606
device: 0x9444f0 kernel from: 0 to: 93056 -> range: 93056
device: 0x945730 kernel from: 93056 to: 186112 -> range: 93056
device: 0x944cf0 kernel from: 186112 to: 279168 -> range: 93056
device: 0x93ccb0 kernel from: 279168 to: 371968 -> range: 92800
device: 0x945730 duration: 0.0395203
device: 0x9444f0 duration: 0.0404358
device: 0x93ccb0 duration: 0.0398347
device: 0x944cf0 duration: 0.0401378
duration mult ocl mod: 0.0455072
device: GeForce GTX 1080 Ti (0x944cf0)  kernel from: 0 to: 12928 -> range: 12928 (with blocking: 12928)
device: GeForce GTX 1080 Ti (0x9444f0)  kernel from: 12928 to: 25856 -> range: 12928 (with blocking: 12928)
device: GeForce GTX 1080 Ti (0x93ccb0)  kernel from: 38784 to: 51328 -> range: 12544 (with blocking: 12544)
device: GeForce GTX 1080 Ti (0x945730)  kernel from: 25856 to: 38784 -> range: 12928 (with blocking: 12928)
device: 0x944cf0 duration: 0.0195727
device: 0x945730 duration: 0.0193228
device: 0x93ccb0 duration: 0.0194232
device: 0x9444f0 duration: 0.0198236
duration multTranspose ocl mod: 0.0294922
device: 0x945730 kernel from: 0 to: 93056 -> range: 93056
device: 0x9444f0 kernel from: 93056 to: 186112 -> range: 93056
device: 0x93ccb0 kernel from: 186112 to: 279168 -> range: 93056
device: 0x944cf0 kernel from: 279168 to: 371968 -> range: 92800
device: 0x945730 duration: 0.0395479
device: 0x93ccb0 duration: 0.0398232
device: 0x944cf0 duration: device: 0x9444f0 duration: 0.0401019
0.0404552
duration mult ocl mod: 0.0490132
device: GeForce GTX 1080 Ti (0x945730)  kernel from: 0 to: 12928 -> range: 12928 (with blocking: 12928)
device: GeForce GTX 1080 Ti (0x944cf0)  kernel from: 12928 to: 25856 -> range: 12928 (with blocking: 12928)
device: GeForce GTX 1080 Ti (0x93ccb0)  kernel from: 38784 to: 51328 -> range: 12544 (with blocking: 12544)
device: GeForce GTX 1080 Ti (0x9444f0)  kernel from: 25856 to: 38784 -> range: 12928 (with blocking: 12928)
device: 0x945730 duration: 0.0193127
device: device: 0x944cf00x93ccb0 duration:  duration: 0.0195860.0194191

device: 0x9444f0 duration: 0.0198225
duration multTranspose ocl mod: 0.02897
device: 0x93ccb0 kernel from: 0 to: 0x16b80 -> range: 0x16b80
device: 0x944cf0 kernel from: 0x16b80 to: 0x2d700 -> range: 0x16b80
device: 0x945730 kernel from: 0x2d700 to: 0x44280 -> range: 0x16b80
device: 0x9444f0 kernel from: 0x44280 to: 0x5ad00 -> range: 0x16a80
device: 0x93ccb0 duration: 0.039809
device: 0x945730 duration: 0.0395357
device: 0x944cf0 duration: 0.0401265
device: 0x9444f0 duration: 0.0404357
duration mult ocl mod: 0.0503443
device: GeForce GTX 1080 Ti (0x944cf0)  kernel from: 0 to: 0x3280 -> range: 0x3280 (with blocking: 0x3280)
device: GeForce GTX 1080 Ti (0x945730)  kernel from: 0x9780 to: 0xc880 -> range: 0x3100 (with blocking: 0x3100)
device: GeForce GTX 1080 Ti (0x93ccb0)  kernel from: 0x6500 to: 0x9780 -> range: 0x3280 (with blocking: 0x3280)
device: GeForce GTX 1080 Ti (0x9444f0)  kernel from: 0x3280 to: 0x6500 -> range: 0x3280 (with blocking: 0x3280)
device: 0x93ccb0 duration: 0.019458
device: 0x945730 duration: 0.0193424
device: 0x944cf0 duration: 0.0195891
device: 0x9444f0 duration: 0.0198246
duration multTranspose ocl mod: 0.0345572
device: 0x945730 kernel from: 0 to: 0x16b80 -> range: 0x16b80
device: 0x944cf0 kernel from: 0x16b80 to: 0x2d700 -> range: 0x16b80
device: 0x93ccb0 kernel from: 0x2d700 to: 0x44280 -> range: 0x16b80
device: 0x9444f0 kernel from: 0x44280 to: 0x5ad00 -> range: 0x16a80
device: 0x945730 duration: 0.0395252
