./datadriven/examplesOCL/regression_cmd --trainingFileName ../../DissertationCodeGTX/datasets/DR5/DR5_nowarnings_less05_train.arff --testFileName ../../DissertationCodeGTX/datasets/DR5/DR5_nowarnings_less05_test.arff --learnerMode LEARNTEST --grid.level 10 --lambda 1E-5 --grid.type ModLinear --verbose true --additionalConfig results_diss/DR5_scaling_ocl_float_gtx1080ti_4.cfg --operation.type STREAMING --operation.subType OCLMASKMP --solverFinal.maxIterations 500 --solverFinal.eps 0 --isRegression true --adaptConfig.support_refinement_min_support 500 --adaptConfig.support_refinement_ocl_config results_diss/DR5_scaling_ocl_float_gtx1080ti_4.cfg --adaptConfig.use_support_refinement --do_dummy_ocl_init
training dataset: ../../DissertationCodeGTX/datasets/DR5/DR5_nowarnings_less05_train.arff
OCL Info: 2 OpenCL platforms have been found
OCL Info: detected platform, name: "Intel(R) OpenCL"
OCL Info: detected platform vendor name: "Intel(R) Corporation"
OCL Info: platform not configured, skipping...
OCL Info: detected platform, name: "NVIDIA CUDA"
OCL Info: detected platform vendor name: "NVIDIA Corporation"
OCL Info: using platform, name: "NVIDIA CUDA"
OCL Info: platform device count: 8
OCL Info: detected device, name: "GeForce GTX 1080 Ti"
OCL Info: using device, name: "GeForce GTX 1080 Ti"
OCL Info: detected device, name: "GeForce GTX 1080 Ti"
OCL Info: using device, name: "GeForce GTX 1080 Ti"
OCL Info: detected device, name: "GeForce GTX 1080 Ti"
OCL Info: using device, name: "GeForce GTX 1080 Ti"
OCL Info: detected device, name: "GeForce GTX 1080 Ti"
OCL Info: using device, name: "GeForce GTX 1080 Ti"
OCL Info: detected device, name: "GeForce GTX 1080 Ti"
OCL Info: detected device, name: "GeForce GTX 1080 Ti"
OCL Info: detected device, name: "GeForce GTX 1080 Ti"
OCL Info: detected device, name: "GeForce GTX 1080 Ti"
ocl dummy initalization duration: 7.46207
instances: 371908
support_refinement_min_support: 500
OCL Info: 2 OpenCL platforms have been found
OCL Info: detected platform, name: "Intel(R) OpenCL"
OCL Info: detected platform vendor name: "Intel(R) Corporation"
OCL Info: platform not configured, skipping...
OCL Info: detected platform, name: "NVIDIA CUDA"
OCL Info: detected platform vendor name: "NVIDIA Corporation"
OCL Info: using platform, name: "NVIDIA CUDA"
OCL Info: platform device count: 8
OCL Info: detected device, name: "GeForce GTX 1080 Ti"
OCL Info: using device, name: "GeForce GTX 1080 Ti"
OCL Info: detected device, name: "GeForce GTX 1080 Ti"
OCL Info: using device, name: "GeForce GTX 1080 Ti"
OCL Info: detected device, name: "GeForce GTX 1080 Ti"
OCL Info: using device, name: "GeForce GTX 1080 Ti"
OCL Info: detected device, name: "GeForce GTX 1080 Ti"
OCL Info: using device, name: "GeForce GTX 1080 Ti"
OCL Info: detected device, name: "GeForce GTX 1080 Ti"
OCL Info: detected device, name: "GeForce GTX 1080 Ti"
OCL Info: detected device, name: "GeForce GTX 1080 Ti"
OCL Info: detected device, name: "GeForce GTX 1080 Ti"
ocl_init_duration: 1.20845
building kernel: verify_support
building with optimization flags: 
--- Build Log ---


building with optimization flags: 
--- Build Log ---


building with optimization flags: 
--- Build Log ---


building with optimization flags: 
--- Build Log ---


num_candidates: 1
num_candidates: 1 block_size: 128 num_candidates_per_device: 0
device: 3 range_padded: 128 range_start: 0 range_end: 1
candidates with support: 1
num_candidates: 10
num_candidates: 10 block_size: 128 num_candidates_per_device: 2
device: 3 range_padded: 128 range_start: 0 range_end: 10
candidates with support: 10
num_candidates: 60
num_candidates: 60 block_size: 128 num_candidates_per_device: 15
device: 3 range_padded: 128 range_start: 0 range_end: 60
candidates with support: 52
num_candidates: 236
num_candidates: 236 block_size: 128 num_candidates_per_device: 59
device: 3 range_padded: 256 range_start: 0 range_end: 236
candidates with support: 181
num_candidates: 706
num_candidates: 706 block_size: 128 num_candidates_per_device: 176
device: 3 range_padded: 768 range_start: 0 range_end: 706
candidates with support: 503
num_candidates: 1786
num_candidates: 1786 block_size: 128 num_candidates_per_device: 446
device: 3 range_padded: 1792 range_start: 0 range_end: 1786
candidates with support: 1241
num_candidates: 4140
num_candidates: 4140 block_size: 128 num_candidates_per_device: 1035
device: device: device: 301 range_padded: 1152 range_start:  range_padded:  range_padded: device: 1152 range_start: 10352 range_end:  range_padded: 20701152
 range_start: 2070 range_end: 3105
1152 range_start: 0 range_end: 1035
3105 range_end: 4140
candidates with support: 2886
num_candidates: 9216
num_candidates: 9216 block_size: 128 num_candidates_per_device: 2304
device: device: 2 range_padded: 2304 range_start: device: 460813 range_end:  range_padded: 6912 range_padded: 
2304 range_start: 6912 range_end: 9216
2304 range_start: 2304 range_end: 4608
device: 0 range_padded: 2304 range_start: 0 range_end: 2304
candidates with support: 6397
num_candidates: 19682
num_candidates: 19682 block_size: 128 num_candidates_per_device: 4920
device: 0 range_padded: 4992 range_start: 0 range_end: 4920
device: 1 range_padded: 4992 range_start: 4920 range_end: 9840
device: device: 3 range_padded: 24992 range_padded: 4992 range_start:  range_start: 9840 range_end: 1476014760
 range_end: 19682
candidates with support: 13464
num_candidates: 40066
num_candidates: 40066 block_size: 128 num_candidates_per_device: 10016
device: 1 range_padded: 10112 range_start: 10016 range_end: 20032
device: 3 range_padded: 10112 range_start: 30048 range_end: 40066
device: 2 range_padded: 10112 range_start: 20032 range_end: 30048
device: 0 range_padded: 10112 range_start: 0 range_end: 10016
candidates with support: 26558
datadriven refinement done, grid size: 51293
creating createOperationMultipleEval type: DEFAULT, using base operator factory
creating createOperationMultipleEval grid: ModLinear type: STREAMING subType: OCLMASKMP
OCL Info: 2 OpenCL platforms have been found
OCL Info: detected platform, name: "Intel(R) OpenCL"
OCL Info: detected platform vendor name: "Intel(R) Corporation"
OCL Info: detected platform, name: "NVIDIA CUDA"
OCL Info: detected platform vendor name: "NVIDIA Corporation"
OCL Info: using platform, name: "NVIDIA CUDA"
OCL Info: detected device, name: "GeForce GTX 1080 Ti"
OCL Info: using device, name: "GeForce GTX 1080 Ti"
OCL Info: detected device, name: "GeForce GTX 1080 Ti"
OCL Info: using device, name: "GeForce GTX 1080 Ti"
OCL Info: detected device, name: "GeForce GTX 1080 Ti"
OCL Info: using device, name: "GeForce GTX 1080 Ti"
OCL Info: detected device, name: "GeForce GTX 1080 Ti"
OCL Info: using device, name: "GeForce GTX 1080 Ti"
OCL Info: detected device, name: "GeForce GTX 1080 Ti"
OCL Info: detected device, name: "GeForce GTX 1080 Ti"
OCL Info: detected device, name: "GeForce GTX 1080 Ti"
OCL Info: detected device, name: "GeForce GTX 1080 Ti"
Starting Learning....

Doing refinement: 0
Grid Size: 51293
building with optimization flags: 
building with optimization flags: 
building with optimization flags: 
building with optimization flags: 
--- Begin Build Log ---


--- End Build Log ---
device: GeForce GTX 1080 Ti (0x211e4f0)  kernel from: 0 to: 12928 -> range: 12928 (with blocking: 12928)
--- Begin Build Log ---


--- End Build Log ---
device: GeForce GTX 1080 Ti (0x2116cb0)  kernel from: 12928 to: 25856 -> range: 12928 (with blocking: 12928)
--- Begin Build Log ---


--- End Build Log ---
device: GeForce GTX 1080 Ti (0x211f730)  kernel from: 25856 to: 38784 -> range: 12928 (with blocking: 12928)
--- Begin Build Log ---


--- End Build Log ---
device: GeForce GTX 1080 Ti (0x211ecf0)  kernel from: 38784 to: 51328 -> range: 12544 (with blocking: 12544)
device: 0x211e4f0 duration: 0.0241777
device: 0x211ecf0 duration: 0.0240886
device: 0x211f730 duration: 0.0235725
device: 0x2116cb0 duration: 0.0239206
duration multTranspose ocl mod: 0.135378
building with optimization flags: 
building with optimization flags: 
building with optimization flags: 
building with optimization flags: 
--- Begin Build Log ---


--- End Build Log ---
--- Begin Build Log ---


--- End Build Log ---
--- Begin Build Log ---


--- End Build Log ---
--- Begin Build Log ---


--- End Build Log ---
device: 0x211f730 kernel from: 0 to: 93056 -> range: 93056
device: 0x211e4f0 kernel from: 93056 to: 186112 -> range: 93056
device: 0x2116cb0 kernel from: 186112 to: 279168 -> range: 93056
device: 0x211ecf0 kernel from: 279168 to: 371968 -> range: 92800
device: 0x211f730 duration: 0.0415273
device: 0x211e4f0 duration: 0.0426035
device: 0x2116cb0 duration: 0.0420045
device: 0x211ecf0 duration: 0.042627
duration mult ocl mod: 0.146173
device: GeForce GTX 1080 Ti (0x211ecf0)  kernel from: 0 to: 12928 -> range: 12928 (with blocking: 12928)
device: GeForce GTX 1080 Ti (0x2116cb0)  kernel from: 38784 to: 51328 -> range: 12544 (with blocking: 12544)
device: GeForce GTX 1080 Ti (0x211f730)  kernel from: 12928 to: 25856 -> range: 12928 (with blocking: 12928)
device: GeForce GTX 1080 Ti (0x211e4f0)  kernel from: 25856 to: 38784 -> range: 12928 (with blocking: 12928)
device: 0x211f730 duration: 0.0235644
device: 0x211e4f0 duration: 0.0241449
device: 0x211ecf0 duration: 0.0240732
device: 0x2116cb0 duration: 0.0237363
duration multTranspose ocl mod: 0.0368018
device: 0x211ecf0 kernel from: 0 to: 93056 -> range: 93056
device: 0x211e4f0 kernel from: 93056 to: 186112 -> range: 93056
device: 0x211f730 kernel from: 186112 to: 279168 -> range: 93056
device: 0x2116cb0 kernel from: 279168 to: 371968 -> range: 92800
device: 0x211e4f0 duration: 0.0411331
device: 0x2116cb0 duration: 0.0405903
device: 0x211ecf0 duration: 0.041173
device: 0x211f730 duration: 0.0415356
duration mult ocl mod: 0.052353
device: GeForce GTX 1080 Ti (0x211e4f0)  kernel from: 0 to: 12928 -> range: 12928 (with blocking: 12928)
device: GeForce GTX 1080 Ti (0x2116cb0)  kernel from: 12928 to: 25856 -> range: 12928 (with blocking: 12928)
device: GeForce GTX 1080 Ti (0x211ecf0)  kernel from: 25856 to: 38784 -> range: 12928 (with blocking: 12928)
device: GeForce GTX 1080 Ti (0x211f730)  kernel from: 38784 to: 51328 -> range: 12544 (with blocking: 12544)
device: 0x2116cb0 duration: 0.0238817
device: 0x211ecf0 duration: 0.0242074
device: 0x211f730 duration: 0.0234771
device: 0x211e4f0 duration: 0.0241398
duration multTranspose ocl mod: 0.0515005
device: 0x211f730 kernel from: 0 to: 93056 -> range: 93056
device: 0x211ecf0 kernel from: 93056 to: 186112 -> range: 93056
device: 0x211e4f0 kernel from: 186112 to: 279168 -> range: 93056
device: 0x2116cb0 kernel from: 279168 to: 371968 -> range: 92800
device: 0x211ecf0 duration: 0.0411832
device: 0x211f730 duration: 0.0416838
device: 0x211e4f0 duration: 0.0411658
device: 0x2116cb0 duration: 0.0405729
duration mult ocl mod: 0.0544078
device: GeForce GTX 1080 Ti (0x2116cb0)  kernel from: 0 to: 12928 -> range: 12928 (with blocking: 12928)
device: GeForce GTX 1080 Ti (0x211ecf0)  kernel from: 38784 to: 51328 -> range: 12544 (with blocking: 12544)
device: GeForce GTX 1080 Ti (0x211e4f0)  kernel from: 12928 to: 25856 -> range: 12928 (with blocking: 12928)
device: GeForce GTX 1080 Ti (0x211f730)  kernel from: 25856 to: 38784 -> range: 12928 (with blocking: 12928)
device: 0x211f730 duration: 0.0237189
device: 0x2116cb0 duration: 0.0238397
device: 0x211ecf0 duration: 0.0240916
device: 0x211e4f0 duration: 0.0242258
duration multTranspose ocl mod: 0.0368942
device: 0x211ecf0 kernel from: 0 to: 93056 -> range: 93056
device: 0x211f730 kernel from: 93056 to: 186112 -> range: 93056
device: 0x211e4f0 kernel from: 186112 to: 279168 -> range: 93056
device: 0x2116cb0 kernel from: 279168 to: 371968 -> range: 92800
device: 0x211e4f0 duration: 0.0397445
device: 0x2116cb0 duration: 0.0405965
device: 0x211f730 duration: 0.0418181
device: 0x211ecf0 duration: 0.0426096
duration mult ocl mod: 0.0490002
device: GeForce GTX 1080 Ti (0x211ecf0)  kernel from: 0 to: 12928 -> range: 12928 (with blocking: 12928)
device: GeForce GTX 1080 Ti (0x211e4f0)  kernel from: 25856 to: 38784 -> range: 12928 (with blocking: 12928)
device: GeForce GTX 1080 Ti (0x2116cb0)  kernel from: 38784 to: 51328 -> range: 12544 (with blocking: 12544)
device: GeForce GTX 1080 Ti (0x211f730)  kernel from: 12928 to: 25856 -> range: 12928 (with blocking: 12928)
device: 0x211f730 duration: device: 0.0237394
0x2116cb0 duration: 0.0237302
device: 0x211ecf0 duration: 0.0241756
device: 0x211e4f0 duration: 0.0241633
duration multTranspose ocl mod: 0.0366706
device: 0x2116cb0 kernel from: 0 to: 93056 -> range: 93056
device: 0x211f730 kernel from: 93056 to: 186112 -> range: 93056
device: 0x211e4f0 kernel from: 186112 to: 279168 -> range: 93056
device: 0x211ecf0 kernel from: 279168 to: 371968 -> range: 92800
device: 0x2116cb0 duration: 0.0405955
device: 0x211e4f0 duration: 0.0411761
device: 0x211f730 duration: device: 0x211ecf0 duration: 0.0418304
0.0411791
duration mult ocl mod: 0.0526619
device: GeForce GTX 1080 Ti (0x211f730)  kernel from: 0 to: 12928 -> range: 12928 (with blocking: 12928)
device: GeForce GTX 1080 Ti (0x2116cb0)  kernel from: 38784 to: 51328 -> range: 12544 (with blocking: 12544)
device: GeForce GTX 1080 Ti (0x211ecf0)  kernel from: 25856 to: 38784 -> range: 12928 (with blocking: 12928)
device: GeForce GTX 1080 Ti (0x211e4f0)  kernel from: 12928 to: 25856 -> range: 12928 (with blocking: 12928)
device: 0x211f730 duration: 0.0237076
device: 0x2116cb0 duration: 0.0237711
device: 0x211ecf0 duration: 0.0241347
device: 0x211e4f0 duration: 0.0241756
duration multTranspose ocl mod: 0.0341688
device: 0x211e4f0 kernel from: 0 to: 93056 -> range: 93056
device: 0x211ecf0 kernel from: 93056 to: 186112 -> range: 93056
device: 0x211f730 kernel from: 186112 to: 279168 -> range: 93056
device: 0x2116cb0 kernel from: 279168 to: 371968 -> range: 92800
device: 0x211e4f0 duration: 0.0411382
device: 0x211ecf0 duration: 0.0411822
device: 0x2116cb0 duration: 0.0406016
device: 0x211f730 duration: 0.0418273
duration mult ocl mod: 0.0517212
device: GeForce GTX 1080 Ti (0x211e4f0)  kernel from: 12928 to: 25856 -> range: 12928 (with blocking: 12928)
device: GeForce GTX 1080 Ti (0x211ecf0)  kernel from: 25856 to: 38784 -> range: 12928 (with blocking: 12928)
device: GeForce GTX 1080 Ti (0x211f730)  kernel from: 0 to: 12928 -> range: 12928 (with blocking: 12928)
device: GeForce GTX 1080 Ti (0x2116cb0)  kernel from: 38784 to: 51328 -> range: 12544 (with blocking: 12544)
device: 0x211f730 duration: 0.0237127
device: 0x2116cb0 duration: 0.0238754
device: 0x211ecf0 duration: 0.0241377
device: 0x211e4f0 duration: 0.024149
duration multTranspose ocl mod: 0.0341166
device: 0x211ecf0 kernel from: 0 to: 93056 -> range: 93056
device: 0x211e4f0 kernel from: 93056 to: 186112 -> range: 93056
device: 0x2116cb0 kernel from: 186112 to: 279168 -> range: 93056
device: 0x211f730 kernel from: 279168 to: 371968 -> range: 92800
device: 0x211ecf0 duration: 0.0411709
device: 0x2116cb0 duration: 0.0405994
device: 0x211e4f0 duration: 0.0411668
device: 0x211f730 duration: 0.0418232
duration mult ocl mod: 0.0526436
device: GeForce GTX 1080 Ti (0x211e4f0)  kernel from: 0 to: 12928 -> range: 12928 (with blocking: 12928)
device: GeForce GTX 1080 Ti (0x211f730)  kernel from: 38784 to: 51328 -> range: 12544 (with blocking: 12544)
device: GeForce GTX 1080 Ti (0x2116cb0)  kernel from: 25856 to: 38784 -> range: 12928 (with blocking: 12928)
device: GeForce GTX 1080 Ti (0x211ecf0)  kernel from: 12928 to: 25856 -> range: 12928 (with blocking: 12928)
device: 0x2116cb0 duration: 0.0238254
device: 0x211e4f0 duration: 0.0241367
device: 0x211f730 duration: 0.0237108
device: 0x211ecf0 duration: 0.0241347
duration multTranspose ocl mod: 0.0369941
device: 0x211e4f0 kernel from: 0 to: 93056 -> range: 93056
device: 0x211ecf0 kernel from: 93056 to: 186112 -> range: 93056
device: 0x2116cb0 kernel from: 186112 to: 279168 -> range: 93056
device: 0x211f730 kernel from: 279168 to: 371968 -> range: 92800
device: 0x2116cb0 duration: 0.04058
device: 0x211ecf0 duration: 0.0411894
device: 0x211e4f0 duration: 0.0425708
device: 0x211f730 duration: 0.0418129
duration mult ocl mod: 0.04834
device: GeForce GTX 1080 Ti (0x211ecf0)  kernel from: 0 to: 12928 -> range: 12928 (with blocking: 12928)
device: GeForce GTX 1080 Ti (0x2116cb0)  kernel from: 38784 to: 51328 -> range: 12544 (with blocking: 12544)
device: GeForce GTX 1080 Ti (0x211f730)  kernel from: 25856 to: 38784 -> range: 12928 (with blocking: 12928)
device: GeForce GTX 1080 Ti (0x211e4f0)  kernel from: 12928 to: 25856 -> range: 12928 (with blocking: 12928)
device: 0x211ecf0 duration: 0.0241377
device: 0x211e4f0 duration: 0.0241644
device: 0x2116cb0 duration: 0.0237711
device: 0x211f730 duration: 0.0237588
duration multTranspose ocl mod: 0.0368611
device: 0x211ecf0 kernel from: 0 to: 93056 -> range: 93056
device: 0x211e4f0 kernel from: 93056 to: 186112 -> range: 93056
device: 0x2116cb0 kernel from: 186112 to: 279168 -> range: 93056
device: 0x211f730 kernel from: 279168 to: 371968 -> range: 92800
device: 0x211ecf0 duration: 0.0411668
device: 0x2116cb0 duration: 0.0406046
device: 0x211e4f0 duration: 0.0411412
device: 0x211f730 duration: 0.0418079
duration mult ocl mod: 0.0482361
device: GeForce GTX 1080 Ti (0x211e4f0)  kernel from: 0 to: 12928 -> range: 12928 (with blocking: 12928)
device: GeForce GTX 1080 Ti (0x211f730)  kernel from: 12928 to: 25856 -> range: 12928 (with blocking: 12928)
device: GeForce GTX 1080 Ti (0x2116cb0)  kernel from: 38784 to: 51328 -> range: 12544 (with blocking: 12544)
device: GeForce GTX 1080 Ti (0x211ecf0)  kernel from: 25856 to: 38784 -> range: 12928 (with blocking: 12928)
device: 0x211ecf0 duration: 0.0241418
device: 0x2116cb0 duration: 0.0238049
device: 0x211f730 duration: 0.0237015
device: 0x211e4f0 duration: 0.0241388
duration multTranspose ocl mod: 0.0340032
device: 0x211e4f0 kernel from: 0 to: 93056 -> range: 93056
device: 0x2116cb0 kernel from: 93056 to: 186112 -> range: 93056
device: 0x211ecf0 kernel from: 186112 to: 279168 -> range: 93056
device: 0x211f730 kernel from: 279168 to: 371968 -> range: 92800
device: 0x2116cb0 duration: 0.0405996
device: 0x211e4f0 duration: 0.0411575
device: 0x211f730 duration: 0.0418099
device: 0x211ecf0 duration: 0.0426168
duration mult ocl mod: 0.048297
device: GeForce GTX 1080 Ti (0x211ecf0)  kernel from: 0 to: 12928 -> range: 12928 (with blocking: 12928)
device: GeForce GTX 1080 Ti (0x211e4f0)  kernel from: 12928 to: 25856 -> range: 12928 (with blocking: 12928)
device: GeForce GTX 1080 Ti (0x211f730)  kernel from: 25856 to: 38784 -> range: 12928 (with blocking: 12928)
device: GeForce GTX 1080 Ti (0x2116cb0)  kernel from: 38784 to: 51328 -> range: 12544 (with blocking: 12544)
device: 0x2116cb0 duration: 0.0237414
device: 0x211f730 duration: 0.0237394
device: 0x211ecf0 duration: 0.0241766
device: 0x211e4f0 duration: 0.0241029
duration multTranspose ocl mod: 0.0347445
device: 0x211e4f0 kernel from: 0 to: 93056 -> range: 93056
device: 0x2116cb0 kernel from: 93056 to: 186112 -> range: 93056
device: 0x211ecf0 kernel from: 186112 to: 279168 -> range: 93056
device: 0x211f730 kernel from: 279168 to: 371968 -> range: 92800
device: 0x2116cb0 duration: 0.0405944
device: 0x211e4f0 duration: 0.0411535
device: 0x211f730 duration: 0.0418191
device: 0x211ecf0 duration: 0.0425994
duration mult ocl mod: 0.0490423
device: GeForce GTX 1080 Ti (0x211ecf0)  kernel from: 0 to: 12928 -> range: 12928 (with blocking: 12928)
device: GeForce GTX 1080 Ti (0x211f730)  kernel from: 12928 to: 25856 -> range: 12928 (with blocking: 12928)
device: GeForce GTX 1080 Ti (0x211e4f0)  kernel from: 38784 to: 51328 -> range: 12544 (with blocking: 12544)
device: GeForce GTX 1080 Ti (0x2116cb0)  kernel from: 25856 to: 38784 -> range: 12928 (with blocking: 12928)
device: 0x211e4f0 duration: 0.0241879
device: 0x2116cb0 duration: 0.0239114
device: 0x211f730 duration: 0.0237648
device: 0x211ecf0 duration: 0.0242084
duration multTranspose ocl mod: 0.0367904
device: 0x211e4f0 kernel from: 0 to: 93056 -> range: 93056
device: 0x211ecf0 kernel from: 93056 to: 186112 -> range: 93056
device: 0x211f730 kernel from: 186112 to: 279168 -> range: 93056
device: 0x2116cb0 kernel from: 279168 to: 371968 -> range: 92800
device: 0x2116cb0 duration: 0.0405873
device: 0x211ecf0 duration: 0.0411822
device: 0x211e4f0 duration: 0.0411351
device: 0x211f730 duration: 0.0418191
duration mult ocl mod: 0.0504402
device: GeForce GTX 1080 Ti (0x211e4f0)  kernel from: 0 to: 12928 -> range: 12928 (with blocking: 12928)
device: GeForce GTX 1080 Ti (0x211ecf0)  kernel from: 12928 to: 25856 -> range: 12928 (with blocking: 12928)
device: GeForce GTX 1080 Ti (0x211f730)  kernel from: 25856 to: 38784 -> range: 12928 (with blocking: 12928)
device: GeForce GTX 1080 Ti (0x2116cb0)  kernel from: 38784 to: 51328 -> range: 12544 (with blocking: 12544)
device: 0x211ecf0 duration: 0.0241132
device: 0x2116cb0 duration: 0.0237302
device: 0x211f730 duration: 0.0237251
device: 0x211e4f0 duration: 0.0241725
duration multTranspose ocl mod: 0.0364696
device: 0x211f730 kernel from: 0 to: 93056 -> range: 93056
device: 0x2116cb0 kernel from: 93056 to: 186112 -> range: 93056
device: 0x211ecf0 kernel from: 186112 to: 279168 -> range: 93056
device: 0x211e4f0 kernel from: 279168 to: 371968 -> range: 92800
device: 0x2116cb0 duration: 0.0405883
device: 0x211ecf0 duration: 0.0411638
device: 0x211e4f0 duration: 0.0411318
device: 0x211f730 duration: 0.0418284
duration mult ocl mod: 0.0499263
device: GeForce GTX 1080 Ti (0x211e4f0)  kernel from: 0 to: 12928 -> range: 12928 (with blocking: 12928)
device: GeForce GTX 1080 Ti (0x2116cb0)  kernel from: 25856 to: 38784 -> range: 12928 (with blocking: 12928)
device: GeForce GTX 1080 Ti (0x211f730)  kernel from: 12928 to: 25856 -> range: 12928 (with blocking: 12928)
device: GeForce GTX 1080 Ti (0x211ecf0)  kernel from: 38784 to: 51328 -> range: 12544 (with blocking: 12544)
device: 0x211e4f0 duration: 0.0241111
device: 0x211ecf0 duration: 0.0240639
device: 0x211f730 duration: 0.0237097
device: 0x2116cb0 duration: 0.0238438
duration multTranspose ocl mod: 0.0359715
device: 0x211f730 kernel from: 0 to: 93056 -> range: 93056
device: 0x2116cb0 kernel from: 93056 to: 186112 -> range: 93056
device: 0x211ecf0 kernel from: 186112 to: 279168 -> range: 93056
device: 0x211e4f0 kernel from: 279168 to: 371968 -> range: 92800
device: 0x211f730 duration: 0.0418263
device: 0x2116cb0 duration: 0.0420065
device: 0x211e4f0 duration: 0.0411361
device: 0x211ecf0 duration: 0.0426178
duration mult ocl mod: 0.0483865
device: GeForce GTX 1080 Ti (0x211f730)  kernel from: 0 to: 12928 -> range: 12928 (with blocking: 12928)
device: GeForce GTX 1080 Ti (0x211e4f0)  kernel from: 25856 to: 38784 -> range: 12928 (with blocking: 12928)
device: GeForce GTX 1080 Ti (0x2116cb0)  kernel from: 38784 to: 51328 -> range: 12544 (with blocking: 12544)
device: GeForce GTX 1080 Ti (0x211ecf0)  kernel from: 12928 to: 25856 -> range: 12928 (with blocking: 12928)
device: 0x211f730 duration: 0.0237537
device: 0x2116cb0 duration: 0.0237814
device: 0x211ecf0 duration: 0.0241193
device: 0x211e4f0 duration: 0.0241202
duration multTranspose ocl mod: 0.0361097
device: 0x211ecf0 kernel from: 0 to: 93056 -> range: 93056
device: 0x2116cb0 kernel from: 93056 to: 186112 -> range: 93056
device: 0x211f730 kernel from: 186112 to: 279168 -> range: 93056
device: 0x211e4f0 kernel from: 279168 to: 371968 -> range: 92800
device: 0x211e4f0 duration: 0.0411372
device: 0x211ecf0 duration: 0.0426189
device: 0x2116cb0 duration: 0.0420054
device: 0x211f730 duration: 0.0418345
duration mult ocl mod: 0.0496309
device: GeForce GTX 1080 Ti (0x211f730)  kernel from: 0 to: 12928 -> range: 12928 (with blocking: 12928)
device: GeForce GTX 1080 Ti (0x2116cb0)  kernel from: 38784 to: 51328 -> range: 12544 (with blocking: 12544)
device: GeForce GTX 1080 Ti (0x211e4f0)  kernel from: 12928 to: 25856 -> range: 12928 (with blocking: 12928)
device: GeForce GTX 1080 Ti (0x211ecf0)  kernel from: 25856 to: 38784 -> range: 12928 (with blocking: 12928)
device: 0x2116cb0 duration: 0.0238141
device: 0x211f730 duration: 0.0237138
device: 0x211e4f0 duration: 0.02415
device: 0x211ecf0 duration: 0.0241654
duration multTranspose ocl mod: 0.0344579
device: 0x2116cb0 kernel from: 0 to: 93056 -> range: 93056
device: 0x211f730 kernel from: 93056 to: 186112 -> range: 93056device: 
0x211ecf0 kernel from: 186112 to: 279168 -> range: 93056
device: 0x211e4f0 kernel from: 279168 to: 371968 -> range: 92800
device: 0x2116cb0 duration: 0.040583
device: 0x211f730 duration: 0.0418192
device: 0x211ecf0 duration: 0.0426097
device: 0x211e4f0 duration: 0.0425903
duration mult ocl mod: 0.0494215
device: GeForce GTX 1080 Ti (0x211ecf0)  kernel from: 0 to: 12928 -> range: 12928 (with blocking: 12928)
device: GeForce GTX 1080 Ti (0x211f730)  kernel from: 12928 to: 25856 -> range: 12928 (with blocking: 12928)
device: GeForce GTX 1080 Ti (0x211e4f0)  kernel from: 25856 to: 38784 -> range: 12928 (with blocking: 12928)
device: GeForce GTX 1080 Ti (0x2116cb0)  kernel from: 38784 to: 51328 -> range: 12544 (with blocking: 12544)
device: 0x2116cb0 duration: 0.0238111
device: 0x211f730 duration: 0.0237373
device: 0x211ecf0 duration: 0.0241408
device: 0x211e4f0 duration: 0.0241408
duration multTranspose ocl mod: 0.0345851
device: 0x211ecf0 kernel from: 0 to: 93056 -> range: 93056
device: 0x211e4f0 kernel from: 93056 to: 186112 -> range: 93056
device: 0x211f730 kernel from: 186112 to: 279168 -> range: 93056
device: 0x2116cb0 kernel from: 279168 to: 371968 -> range: 92800
device: 0x2116cb0 duration: 0.0405873
device: 0x211e4f0 duration: 0.0411535
device: 0x211f730 duration: 0.0418304
device: 0x211ecf0 duration: 0.0426434
duration mult ocl mod: 0.0512604
device: GeForce GTX 1080 Ti (0x211f730)  kernel from: 0 to: 12928 -> range: 12928 (with blocking: 12928)
device: GeForce GTX 1080 Ti (0x211ecf0)  kernel from: 25856 to: 38784 -> range: 12928 (with blocking: 12928)
device: GeForce GTX 1080 Ti (0x2116cb0)  kernel from: 38784 to: 51328 -> range: 12544 (with blocking: 12544)
device: GeForce GTX 1080 Ti (0x211e4f0)  kernel from: 12928 to: 25856 -> range: 12928 (with blocking: 12928)
device: 0x2116cb0 duration: device: 0.02374550x211f730 duration: 
0.0237548
device: 0x211e4f0 duration: 0.0241039
device: 0x211ecf0 duration: 0.0241673
duration multTranspose ocl mod: 0.033792
device: 0x211ecf0 kernel from: 0 to: 93056 -> range: 93056
device: 0x2116cb0 kernel from: 93056 to: 186112 -> range: 93056
device: 0x211f730 kernel from: 186112 to: 279168 -> range: 93056
device: 0x211e4f0 kernel from: 279168 to: 371968 -> range: 92800
device: 0x211f730 duration: 0.0418161
device: 0x211ecf0 duration: 0.0426097
device: 0x2116cb0 duration: 0.0420209
device: 0x211e4f0 duration: 0.0425819
duration mult ocl mod: 0.0520302
device: GeForce GTX 1080 Ti (0x211e4f0)  kernel from: 0 to: 12928 -> range: 12928 (with blocking: 12928)
device: GeForce GTX 1080 Ti (0x211ecf0)  kernel from: 25856 to: 38784 -> range: 12928 (with blocking: 12928)
device: GeForce GTX 1080 Ti (0x211f730)  kernel from: 12928 to: 25856 -> range: 12928 (with blocking: 12928)
device: GeForce GTX 1080 Ti (0x2116cb0)  kernel from: 38784 to: 51328 -> range: 12544 (with blocking: 12544)
device: 0x211f730 duration: 0.0237413
device: 0x211e4f0 duration: 0.0241614
device: 0x2116cb0 duration: 0.023806
device: 0x211ecf0 duration: 0.0241582
duration multTranspose ocl mod: 0.0346857
device: 0x211e4f0 kernel from: 0 to: 93056 -> range: 93056
device: 0x2116cb0 kernel from: 93056 to: 186112 -> range: 93056
device: 0x211ecf0 kernel from: 186112 to: 279168 -> range: 93056
device: 0x211f730 kernel from: 279168 to: 371968 -> range: 92800
device: 0x2116cb0 duration: 0.0405924
device: 0x211e4f0 duration: 0.0411668
device: 0x211f730 duration: 0.0418191
device: 0x211ecf0 duration: 0.0426023
duration mult ocl mod: 0.0517791
device: GeForce GTX 1080 Ti (0x211e4f0)  kernel from: 0 to: 12928 -> range: 12928 (with blocking: 12928)
device: GeForce GTX 1080 Ti (0x2116cb0)  kernel from: 38784 to: 51328 -> range: 12544 (with blocking: 12544)
device: GeForce GTX 1080 Ti (0x211f730)  kernel from: 25856 to: 38784 -> range: 12928 (with blocking: 12928)
device: GeForce GTX 1080 Ti (0x211ecf0)  kernel from: 12928 to: 25856 -> range: 12928 (with blocking: 12928)
device: 0x211f730 duration: 0.0237824
device: 0x2116cb0 duration: 0.0238846
device: 0x211e4f0 duration: 0.024149
device: 0x211ecf0 duration: 0.0241234
duration multTranspose ocl mod: 0.0327243
device: 0x211e4f0 kernel from: 0 to: 93056 -> range: 93056
device: 0x211ecf0 kernel from: 93056 to: 186112 -> range: 93056
device: 0x2116cb0 kernel from: 186112 to: 279168 -> range: 93056
device: 0x211f730 kernel from: 279168 to: 371968 -> range: 92800
device: 0x211e4f0 duration: 0.0411187
device: 0x2116cb0 duration: 0.0405914
device: 0x211ecf0 duration: 0.0411771
device: 0x211f730 duration: 0.0418293
duration mult ocl mod: 0.0486429
device: GeForce GTX 1080 Ti (0x211f730)  kernel from: 0 to: 12928 -> range: 12928 (with blocking: 12928)
device: GeForce GTX 1080 Ti (0x2116cb0)  kernel from: 12928 to: 25856 -> range: 12928 (with blocking: 12928)
device: GeForce GTX 1080 Ti (0x211e4f0)  kernel from: 25856 to: 38784 -> range: 12928 (with blocking: 12928)
device: GeForce GTX 1080 Ti (0x211ecf0)  kernel from: 38784 to: 51328 -> range: 12544 (with blocking: 12544)
device: 0x2116cb0 duration: 0.0238623
device: 0x211e4f0 duration: 0.0240988
device: 0x211f730 duration: 0.0237445
device: 0x211ecf0 duration: 0.0240394
duration multTranspose ocl mod: 0.0365806
device: 0x211ecf0 kernel from: 0 to: 93056 -> range: 93056
device: 0x211e4f0 kernel from: 93056 to: 186112 -> range: 93056
device: 0x2116cb0 kernel from: 186112 to: 279168 -> range: 93056
device: 0x211f730 kernel from: 279168 to: 371968 -> range: 92800
device: 0x211e4f0 duration: 0.0397302
device: 0x2116cb0 duration: 0.0405903
device: 0x211ecf0 duration: 0.0411781
device: 0x211f730 duration: 0.0418181
duration mult ocl mod: 0.0494129
device: GeForce GTX 1080 Ti (0x211ecf0)  kernel from: 0 to: 12928 -> range: 12928 (with blocking: 12928)
device: GeForce GTX 1080 Ti (0x211e4f0)  kernel from: 38784 to: 51328 -> range: 12544 (with blocking: 12544)
device: GeForce GTX 1080 Ti (0x211f730)  kernel from: 12928 to: 25856 -> range: 12928 (with blocking: 12928)
device: GeForce GTX 1080 Ti (0x2116cb0)  kernel from: 25856 to: 38784 -> range: 12928 (with blocking: 12928)
device: 0x211ecf0 duration: 0.0241326
device: 0x211f730 duration: 0.0237107
device: 0x2116cb0 duration: 0.0238121
device: 0x211e4f0 duration: 0.0240876
duration multTranspose ocl mod: 0.0408933
device: 0x211f730 kernel from: 0 to: 93056 -> range: 93056
device: 0x2116cb0 kernel from: 93056 to: 186112 -> range: 93056
device: 0x211e4f0 kernel from: 186112 to: 279168 -> range: 93056
device: 0x211ecf0 kernel from: 279168 to: 371968 -> range: 92800
device: 0x2116cb0 duration: 0.0405965
device: 0x211e4f0 duration: 0.0411484
device: 0x211f730 duration: 0.0418191
device: 0x211ecf0 duration: 0.0411812
duration mult ocl mod: 0.0503005
device: GeForce GTX 1080 Ti (0x211f730)  kernel from: 0 to: 12928 -> range: 12928 (with blocking: 12928)
device: GeForce GTX 1080 Ti (0x211ecf0)  kernel from: 38784 to: 51328 -> range: 12544 (with blocking: 12544)
device: GeForce GTX 1080 Ti (0x2116cb0)  kernel from: 25856 to: 38784 -> range: 12928 (with blocking: 12928)
device: GeForce GTX 1080 Ti (0x211e4f0)  kernel from: 12928 to: 25856 -> range: 12928 (with blocking: 12928)
device: 0x211e4f0 duration: 0.0241183
device: 0x2116cb0 duration: device: 0x211f730 duration: 0.02381
0.0237292
device: 0x211ecf0 duration: 0.0241224
duration multTranspose ocl mod: 0.0366155
device: 0x211e4f0 kernel from: 0 to: 93056 -> range: 93056
device: 0x211ecf0 kernel from: 93056 to: 186112 -> range: 93056
device: 0x2116cb0 kernel from: 186112 to: 279168 -> range: 93056
device: 0x211f730 kernel from: 279168 to: 371968 -> range: 92800
device: 0x2116cb0 duration: 0.0406016
device: 0x211e4f0 duration: 0.0411392
device: 0x211ecf0 duration: 0.0411832
device: 0x211f730 duration: 0.0418417
duration mult ocl mod: 0.0523247
device: GeForce GTX 1080 Ti (0x211f730)  kernel from: 0 to: 12928 -> range: 12928 (with blocking: 12928)
device: GeForce GTX 1080 Ti (0x2116cb0)  kernel from: 38784 to: 51328 -> range: 12544 (with blocking: 12544)
device: GeForce GTX 1080 Ti (0x211ecf0)  kernel from: 12928 to: 25856 -> range: 12928 (with blocking: 12928)
device: GeForce GTX 1080 Ti (0x211e4f0)  kernel from: 25856 to: 38784 -> range: 12928 (with blocking: 12928)
device: 0x211e4f0 duration: 0.0242452
device: 0x2116cb0 duration: 0.0237865
device: 0x211f730 duration: 0.0237496
device: 0x211ecf0 duration: 0.0241398
duration multTranspose ocl mod: 0.0366747
device: 0x211ecf0 kernel from: 0 to: 93056 -> range: 93056
device: 0x211e4f0 kernel from: 93056 to: 186112 -> range: 93056
device: 0x2116cb0 kernel from: 186112 to: 279168 -> range: 93056
device: 0x211f730 kernel from: 279168 to: 371968 -> range: 92800
device: 0x2116cb0 duration: 0.0406016
device: 0x211ecf0 duration: 0.0411924
device: 0x211e4f0 duration: 0.0411392
device: 0x211f730 duration: 0.0418272
duration mult ocl mod: 0.047941
device: GeForce GTX 1080 Ti (0x211f730)  kernel from: 0 to: 12928 -> range: 12928 (with blocking: 12928)
device: GeForce GTX 1080 Ti (0x211e4f0)  kernel from: 25856 to: 38784 -> range: 12928 (with blocking: 12928)
device: GeForce GTX 1080 Ti (0x2116cb0)  kernel from: 38784 to: 51328 -> range: 12544 (with blocking: 12544)
device: GeForce GTX 1080 Ti (0x211ecf0)  kernel from: 12928 to: 25856 -> range: 12928 (with blocking: 12928)
device: 0x211f730 duration: 0.0237722
device: 0x2116cb0 duration: 0.0238623
device: 0x211e4f0 duration: device: 0x211ecf0 duration: 0.0241551
0.0241111
duration multTranspose ocl mod: 0.033681
device: 0x211e4f0 kernel from: 0 to: 93056 -> range: 93056
device: 0x211ecf0 kernel from: 93056 to: 186112 -> range: 93056
device: 0x2116cb0 kernel from: 186112 to: 279168 -> range: 93056
device: 0x211f730 kernel from: 279168 to: 371968 -> range: 92800
device: 0x211e4f0 duration: 0.0411331
device: 0x211f730 duration: 0.0418232
device: 0x2116cb0 duration: 0.0420207
device: 0x211ecf0 duration: 0.0426035
duration mult ocl mod: 0.0490016
device: GeForce GTX 1080 Ti (0x2116cb0)  kernel from: 0 to: 12928 -> range: 12928 (with blocking: 12928)
device: GeForce GTX 1080 Ti (0x211f730)  kernel from: 12928 to: 25856 -> range: 12928 (with blocking: 12928)
device: GeForce GTX 1080 Ti (0x211ecf0)  kernel from: 25856 to: 38784 -> range: 12928 (with blocking: 12928)
device: GeForce GTX 1080 Ti (0x211e4f0)  kernel from: 38784 to: 51328 -> range: 12544 (with blocking: 12544)
device: 0x211f730 duration: 0.0237353
device: 0x2116cb0 duration: 0.0238684
device: 0x211ecf0 duration: 0.0241582
device: 0x211e4f0 duration: 0.0241408
duration multTranspose ocl mod: 0.0530661
device: 0x211f730 kernel from: 0 to: 93056 -> range: 93056
device: 0x2116cb0 kernel from: 93056 to: 186112 -> range: 93056
device: 0x211ecf0 kernel from: 186112 to: 279168 -> range: 93056
device: 0x211e4f0 kernel from: 279168 to: 371968 -> range: 92800
device: 0x2116cb0 duration: 0.040577
device: 0x211ecf0 duration: 0.0411699
device: device: 0x211e4f0 duration: 34731824 duration: 0.04113930.0418437

duration mult ocl mod: 0.0517352
device: GeForce GTX 1080 Ti (0x211ecf0)  kernel from: 0 to: 0x3280 -> range: 0x3280 (with blocking: 0x3280)
device: GeForce GTX 1080 Ti (0x211f730)  kernel from: 0x3280 to: 0x6500 -> range: 0x3280 (with blocking: 0x3280)
device: GeForce GTX 1080 Ti (0x211e4f0)  kernel from: 0x6500 to: 0x9780 -> range: 0x3280 (with blocking: 0x3280)
device: GeForce GTX 1080 Ti (0x2116cb0)  kernel from: 0x9780 to: 0xc880 -> range: 0x3100 (with blocking: 0x3100)
device: 0x211f730 duration: 0.0237384
device: 0x211ecf0 duration: 0.0241859
device: 0x2116cb0 duration: 0.0237537
device: 0x211e4f0 duration: 0.0241449
duration multTranspose ocl mod: 0.036833
device: 0x211ecf0 kernel from: 0 to: 0x16b80 -> range: 0x16b80
device: 0x211f730 kernel from: 0x16b80 to: 0x2d700 -> range: 0x16b80
device: 0x2116cb0 kernel from: 0x2d700 to: 0x44280 -> range: 0x16b80
device: 0x211e4f0 kernel from: 0x44280 to: 0x5ad00 -> range: 0x16a80
device: 0x2116cb0 duration: 0.0405955
device: 0x211ecf0 duration: 0.0411628
device: 0x211e4f0 duration: 0.0411515
device: 0x211f730 duration: 0.0418282
duration mult ocl mod: 0.0477338
device: GeForce GTX 1080 Ti (0x211f730)  kernel from: 0 to: 0x3280 -> range: 0x3280 (with blocking: 0x3280)
device: GeForce GTX 1080 Ti (0x211e4f0)  kernel from: 0x6500 to: 0x9780 -> range: 0x3280 (with blocking: 0x3280)
device: GeForce GTX 1080 Ti (0x211ecf0)  kernel from: 0x3280 to: 0x6500 -> range: 0x3280 (with blocking: 0x3280)
device: GeForce GTX 1080 Ti (0x2116cb0)  kernel from: 0x9780 to: 0xc880 -> range: 0x3100 (with blocking: 0x3100)
device: 0x2116cb0 duration: 0.0236964
device: 0x211f730 duration: 0.0238049
device: 0x211ecf0 duration: 0.0241541
device: 0x211e4f0 duration: 0.0241357
duration multTranspose ocl mod: 0.0334012
device: 0x211f730 kernel from: 0 to: 0x16b80 -> range: 0x16b80
device: 0x2116cb0 kernel from: 0x16b80 to: 0x2d700 -> range: 0x16b80
device: 0x211ecf0 kernel from: 0x2d700 to: 0x44280 -> range: 0x16b80
device: 0x211e4f0 kernel from: 0x44280 to: 0x5ad00 -> range: 0x16a80
device: 0x211ecf0 duration: 0.0411689
device: 0x2116cb0 duration: 0.0405883
device: 0x211f730 duration: 0.0418386
device: 0x211e4f0 duration: 0.0411393
duration mult ocl mod: 0.0489671
device: GeForce GTX 1080 Ti (0x2116cb0)  kernel from: 0x6500 to: 0x9780 -> range: 0x3280 (with blocking: 0x3280)
device: GeForce GTX 1080 Ti (0x211f730)  kernel from: 0x9780 to: 0xc880 -> range: 0x3100 (with blocking: 0x3100)
device: GeForce GTX 1080 Ti (0x211ecf0)  kernel from: 0 to: 0x3280 -> range: 0x3280 (with blocking: 0x3280)
device: GeForce GTX 1080 Ti (0x211e4f0)  kernel from: 0x3280 to: 0x6500 -> range: 0x3280 (with blocking: 0x3280)
device: 0x2116cb0 duration: 0.0238121
device: 0x211ecf0 duration: 0.0241981
device: 0x211f730 duration: 0.0236544
device: 0x211e4f0 duration: 0.0241418
duration multTranspose ocl mod: 0.0365446
device: 0x211e4f0 kernel from: 0 to: 0x16b80 -> range: 0x16b80
device: 0x211ecf0 kernel from: 0x16b80 to: 0x2d700 -> range: 0x16b80
device: 0x2116cb0 kernel from: 0x2d700 to: 0x44280 -> range: 0x16b80
device: 0x211f730 kernel from: 0x44280 to: 0x5ad00 -> range: 0x16a80
device: 0x2116cb0 duration: 0.0405943
device: 0x211e4f0 duration: 0.0411554
device: 0x211ecf0 duration: 0.0411853
device: 0x211f730 duration: 0.0418263
duration mult ocl mod: 0.0535557
device: GeForce GTX 1080 Ti (0x211e4f0)  kernel from: 0 to: 0x3280 -> range: 0x3280 (with blocking: 0x3280)
device: GeForce GTX 1080 Ti (0x2116cb0)  kernel from: 0x6500 to: 0x9780 -> range: 0x3280 (with blocking: 0x3280)
device: GeForce GTX 1080 Ti (0x211ecf0)  kernel from: 0x9780 to: 0xc880 -> range: 0x3100 (with blocking: 0x3100)
device: GeForce GTX 1080 Ti (0x211f730)  kernel from: 0x3280 to: 0x6500 -> range: 0x3280 (with blocking: 0x3280)
device: 0x2116cb0 duration: 0.0238929
device: 0x211f730 duration: 0.0238019
device: 0x211ecf0 duration: 0.0241377
device: 0x211e4f0 duration: 0.0241285
duration multTranspose ocl mod: 0.0374754
device: 0x211ecf0 kernel from: 0 to: 0x16b80 -> range: 0x16b80
device: 0x211f730 kernel from: 0x16b80 to: 0x2d700 -> range: 0x16b80
device: 0x2116cb0 kernel from: 0x2d700 to: 0x44280 -> range: 0x16b80
device: 0x211e4f0 kernel from: 0x44280 to: 0x5ad00 -> range: 0x16a80
device: 0x2116cb0 duration: 0.0391619
device: 0x211e4f0 duration: 0.041138
device: 0x211f730 duration: 0.0418169
device: 0x211ecf0 duration: 0.0425994
duration mult ocl mod: 0.0504286
device: GeForce GTX 1080 Ti (0x211e4f0)  kernel from: 0 to: 0x3280 -> range: 0x3280 (with blocking: 0x3280)
device: GeForce GTX 1080 Ti (0x211f730)  kernel from: 0x9780 to: 0xc880 -> range: 0x3100 (with blocking: 0x3100)
