./datadriven/examplesOCL/regression_cmd --trainingFileName ../../DissertationCodeGTX/datasets/DR5/DR5_nowarnings_less05_train.arff --testFileName ../../DissertationCodeGTX/datasets/DR5/DR5_nowarnings_less05_test.arff --learnerMode LEARNTEST --grid.level 10 --lambda 1E-5 --grid.type ModLinear --verbose true --additionalConfig results_diss/DR5_scaling_ocl_float_gtx1080ti_4.cfg --operation.type STREAMING --operation.subType OCLMASKMP --solverFinal.maxIterations 500 --solverFinal.eps 0 --isRegression true --adaptConfig.support_refinement_min_support 500 --adaptConfig.support_refinement_ocl_config results_diss/DR5_scaling_ocl_float_gtx1080ti_4.cfg --adaptConfig.use_support_refinement --do_dummy_ocl_init
OCL Info: 2 OpenCL platforms have been found
OCL Info: detected platform, name: "Intel(R) OpenCL"
OCL Info: detected platform vendor name: "Intel(R) Corporation"
OCL Info: platform not configured, skipping...
OCL Info: detected platform, name: "NVIDIA CUDA"
OCL Info: detected platform vendor name: "NVIDIA Corporation"
OCL Info: using platform, name: "NVIDIA CUDA"
OCL Info: platform device count: 8
OCL Info: detected device, name: "GeForce GTX 1080 Ti"
OCL Info: using device, name: "GeForce GTX 1080 Ti"
OCL Info: detected device, name: "GeForce GTX 1080 Ti"
OCL Info: using device, name: "GeForce GTX 1080 Ti"
OCL Info: detected device, name: "GeForce GTX 1080 Ti"
OCL Info: using device, name: "GeForce GTX 1080 Ti"
OCL Info: detected device, name: "GeForce GTX 1080 Ti"
OCL Info: using device, name: "GeForce GTX 1080 Ti"
OCL Info: detected device, name: "GeForce GTX 1080 Ti"
OCL Info: detected device, name: "GeForce GTX 1080 Ti"
OCL Info: detected device, name: "GeForce GTX 1080 Ti"
OCL Info: detected device, name: "GeForce GTX 1080 Ti"
ocl dummy initalization duration: 7.58083
instances: 371908
support_refinement_min_support: 500
OCL Info: 2 OpenCL platforms have been found
OCL Info: detected platform, name: "Intel(R) OpenCL"
OCL Info: detected platform vendor name: "Intel(R) Corporation"
OCL Info: platform not configured, skipping...
OCL Info: detected platform, name: "NVIDIA CUDA"
OCL Info: detected platform vendor name: "NVIDIA Corporation"
OCL Info: using platform, name: "NVIDIA CUDA"
OCL Info: platform device count: 8
OCL Info: detected device, name: "GeForce GTX 1080 Ti"
OCL Info: using device, name: "GeForce GTX 1080 Ti"
OCL Info: detected device, name: "GeForce GTX 1080 Ti"
OCL Info: using device, name: "GeForce GTX 1080 Ti"
OCL Info: detected device, name: "GeForce GTX 1080 Ti"
OCL Info: using device, name: "GeForce GTX 1080 Ti"
OCL Info: detected device, name: "GeForce GTX 1080 Ti"
OCL Info: using device, name: "GeForce GTX 1080 Ti"
OCL Info: detected device, name: "GeForce GTX 1080 Ti"
OCL Info: detected device, name: "GeForce GTX 1080 Ti"
OCL Info: detected device, name: "GeForce GTX 1080 Ti"
OCL Info: detected device, name: "GeForce GTX 1080 Ti"
ocl_init_duration: 1.24535
building kernel: verify_support
building with optimization flags: 
--- Build Log ---


building with optimization flags: 
--- Build Log ---


building with optimization flags: 
--- Build Log ---


building with optimization flags: 
--- Build Log ---


num_candidates: 1
num_candidates: 1 block_size: 128 num_candidates_per_device: 0
device: 3 range_padded: 128 range_start: 0 range_end: 1
duration (s): 0.307684
candidates with support: 1
num_candidates: 10
num_candidates: 10 block_size: 128 num_candidates_per_device: 2
device: 3 range_padded: 128 range_start: 0 range_end: 10
duration (s): 0.264724
candidates with support: 10
num_candidates: 60
num_candidates: 60 block_size: 128 num_candidates_per_device: 15
device: 3 range_padded: 128 range_start: 0 range_end: 60
duration (s): 0.262556
candidates with support: 52
num_candidates: 236
num_candidates: 236 block_size: 128 num_candidates_per_device: 59
device: 3 range_padded: 256 range_start: 0 range_end: 236
duration (s): 0.263409
candidates with support: 181
num_candidates: 706
num_candidates: 706 block_size: 128 num_candidates_per_device: 176
device: 3 range_padded: 768 range_start: 0 range_end: 706
duration (s): 0.265435
candidates with support: 503
num_candidates: 1786
num_candidates: 1786 block_size: 128 num_candidates_per_device: 446
device: 3 range_padded: 1792 range_start: 0 range_end: 1786
duration (s): 0.268014
candidates with support: 1241
num_candidates: 4140
num_candidates: 4140 block_size: 128 num_candidates_per_device: 1035
device: device: device: device: 0 range_padded: 1152 range_start: 0 range_end: 21035
1 range_padded: 1152 range_start: 1035 range_end: 2070
 range_padded: 1152 range_start: 2070 range_end: 3105
3 range_padded: 1152 range_start: 3105 range_end: 4140
duration (s): 0.267066
duration (s): 0.309093
duration (s): 0.301645
duration (s): 0.306952
candidates with support: 2886
num_candidates: 9216
num_candidates: 9216 block_size: 128 num_candidates_per_device: 2304
device: 0device: device: 1device: 2 range_padded: 32304 range_start: 4608 range_end: 6912
 range_padded:  range_padded: 2304 range_start: 2304 range_end: 4608
2304 range_start: 6912 range_end: 9216
 range_padded: 2304 range_start: 0 range_end: 2304
duration (s): 0.26832
duration (s): 0.265814
duration (s): 0.26492
duration (s): 0.268032
candidates with support: 6397
num_candidates: 19682
num_candidates: 19682 block_size: 128 num_candidates_per_device: 4920
device: 0 range_padded: 4992 range_start: 0 range_end: 4920
device: 3 range_padded: 4992 range_start: 14760 range_end: 19682
device: 2 range_padded: 4992 range_start: 9840 range_end: 14760
device: 1 range_padded: 4992 range_start: 4920 range_end: 9840
duration (s): 0.27305
duration (s): 0.283552
duration (s): 0.288067
duration (s): 0.27707
candidates with support: 13464
num_candidates: 40066
num_candidates: 40066 block_size: 128 num_candidates_per_device: 10016
device: device: 03 range_padded: device: 10112 range_start: 30048 range_end: 140066 range_padded: 
 range_padded: 10112device:  range_start: 0 range_end: 210016 range_padded: 
10112 range_start: 20032 range_end: 30048
10112 range_start: 10016 range_end: 20032
duration (s): 0.290893
duration (s): 0.293119
duration (s): 0.297841
duration (s): 0.298195
candidates with support: 26558
datadriven refinement done, grid size: 51293
creating createOperationMultipleEval type: DEFAULT, using base operator factory
creating createOperationMultipleEval grid: ModLinear type: STREAMING subType: OCLMASKMP
OCL Info: 2 OpenCL platforms have been found
OCL Info: detected platform, name: "Intel(R) OpenCL"
OCL Info: detected platform vendor name: "Intel(R) Corporation"
OCL Info: detected platform, name: "NVIDIA CUDA"
OCL Info: detected platform vendor name: "NVIDIA Corporation"
OCL Info: using platform, name: "NVIDIA CUDA"
OCL Info: detected device, name: "GeForce GTX 1080 Ti"
OCL Info: using device, name: "GeForce GTX 1080 Ti"
OCL Info: detected device, name: "GeForce GTX 1080 Ti"
OCL Info: using device, name: "GeForce GTX 1080 Ti"
OCL Info: detected device, name: "GeForce GTX 1080 Ti"
OCL Info: using device, name: "GeForce GTX 1080 Ti"
OCL Info: detected device, name: "GeForce GTX 1080 Ti"
OCL Info: using device, name: "GeForce GTX 1080 Ti"
OCL Info: detected device, name: "GeForce GTX 1080 Ti"
OCL Info: detected device, name: "GeForce GTX 1080 Ti"
OCL Info: detected device, name: "GeForce GTX 1080 Ti"
OCL Info: detected device, name: "GeForce GTX 1080 Ti"
Starting Learning....

Doing refinement: 0
Grid Size: 51293
building with optimization flags: 
building with optimization flags: 
building with optimization flags: 
building with optimization flags: 
--- Begin Build Log ---


--- End Build Log ---
device: GeForce GTX 1080 Ti (0x1a39cf0)  kernel from: 0 to: 12928 -> range: 12928 (with blocking: 12928)
--- Begin Build Log ---


--- End Build Log ---
device: GeForce GTX 1080 Ti (0x1a394f0)  kernel from: 12928 to: 25856 -> range: 12928 (with blocking: 12928)
--- Begin Build Log ---


--- End Build Log ---
device: GeForce GTX 1080 Ti (0x1a3a730)  kernel from: 25856 to: 38784 -> range: 12928 (with blocking: 12928)
--- Begin Build Log ---


--- End Build Log ---
device: GeForce GTX 1080 Ti (0x1a31cb0)  kernel from: 38784 to: 51328 -> range: 12544 (with blocking: 12544)
device: 0x1a39cf0 duration: 0.0240189
device: 0x1a31cb0 duration: 0.0237855
device: 0x1a3a730 duration: 0.0235633
device: 0x1a394f0 duration: 0.0241275
duration multTranspose ocl mod: 0.138085
building with optimization flags: 
building with optimization flags: 
building with optimization flags: 
building with optimization flags: 
--- Begin Build Log ---


--- End Build Log ---
--- Begin Build Log ---


--- End Build Log ---
--- Begin Build Log ---


--- End Build Log ---
--- Begin Build Log ---


--- End Build Log ---
device: 0x1a394f0 kernel from: 0 to: 93056 -> range: 93056
device: 0x1a39cf0 kernel from: 93056 to: 186112 -> range: 93056
device: 0x1a3a730 kernel from: 186112 to: 279168 -> range: 93056
device: 0x1a31cb0 kernel from: 279168 to: 371968 -> range: 92800
device: 0x1a39cf0 duration: 0.0409211
device: 0x1a394f0 duration: 0.0411894
device: 0x1a31cb0 duration: 0.0406006
device: 0x1a3a730 duration: 0.0415212
duration mult ocl mod: 0.172374
device: GeForce GTX 1080 Ti (0x1a394f0)  kernel from: 0 to: 12928 -> range: 12928 (with blocking: 12928)
device: GeForce GTX 1080 Ti (0x1a3a730)  kernel from: 25856 to: 38784 -> range: 12928 (with blocking: 12928)
device: GeForce GTX 1080 Ti (0x1a39cf0)  kernel from: 38784 to: 51328 -> range: 12544 (with blocking: 12544)
device: GeForce GTX 1080 Ti (0x1a31cb0)  kernel from: 12928 to: 25856 -> range: 12928 (with blocking: 12928)
device: 0x1a394f0 duration: 0.0241623
device: 0x1a3a730 duration: 0.0235162
device: 0x1a39cf0 duration: 0.0239596
device: 0x1a31cb0 duration: 0.0238367
duration multTranspose ocl mod: 0.0366995
device: 0x1a394f0 kernel from: 0 to: 93056 -> range: 93056
device: 0x1a39cf0 kernel from: 93056 to: 186112 -> range: 93056
device: 0x1a3a730 kernel from: 186112 to: 279168 -> range: 93056
device: 0x1a31cb0 kernel from: 279168 to: 371968 -> range: 92800
device: 0x1a39cf0 duration: 0.0394762
device: 0x1a394f0 duration: 0.0411802
device: 0x1a3a730 duration: 0.0415386
device: 0x1a31cb0 duration: 0.0406139
duration mult ocl mod: 0.0489953
device: GeForce GTX 1080 Ti (0x1a3a730)  kernel from: 0 to: 12928 -> range: 12928 (with blocking: 12928)
device: GeForce GTX 1080 Ti (0x1a394f0)  kernel from: 12928 to: 25856 -> range: 12928 (with blocking: 12928)
device: GeForce GTX 1080 Ti (0x1a31cb0)  kernel from: 38784 to: 51328 -> range: 12544 (with blocking: 12544)
device: GeForce GTX 1080 Ti (0x1a39cf0)  kernel from: 25856 to: 38784 -> range: 12928 (with blocking: 12928)
device: 0x1a394f0 duration: 0.0241532
device: 0x1a3a730 duration: 0.0236268
device: 0x1a31cb0 duration: 0.0237834
device: 0x1a39cf0 duration: 0.0239585
duration multTranspose ocl mod: 0.0392079
device: 0x1a3a730 kernel from: 0 to: 93056 -> range: 93056
device: 0x1a31cb0 kernel from: 93056 to: 186112 -> range: device: 0x1a394f0 kernel from: 186112 to: 93056279168
 -> range: 93056
device: 0x1a39cf0 kernel from: 279168 to: 371968 -> range: 92800
device: 0x1a39cf0 duration: 0.0394783
device: 0x1a31cb0 duration: 0.0406016
device: device: 0x1a394f00x1a3a730 duration:  duration: 0.04152930.0411587

duration mult ocl mod: 0.0514432
device: GeForce GTX 1080 Ti (0x1a3a730)  kernel from: 0 to: 12928 -> range: 12928 (with blocking: 12928)
device: GeForce GTX 1080 Ti (0x1a31cb0)  kernel from: 38784 to: 51328 -> range: 12544 (with blocking: 12544)
device: GeForce GTX 1080 Ti (0x1a39cf0)  kernel from: 25856 to: 38784 -> range: 12928 (with blocking: 12928)
device: GeForce GTX 1080 Ti (0x1a394f0)  kernel from: 12928 to: 25856 -> range: 12928 (with blocking: 12928)
device: 0x1a31cb0 duration: 0.0237925
device: 0x1a3a730 duration: 0.0236759
device: 0x1a39cf0 duration: 0.0239625
device: 0x1a394f0 duration: 0.0241746
duration multTranspose ocl mod: 0.0358347
device: 0x1a31cb0 kernel from: 0 to: 93056 -> range: 93056
device: 0x1a394f0 kernel from: 93056 to: 186112 -> range: 93056
device: 0x1a3a730 kernel from: 186112 to: 279168 -> range: 93056
device: 0x1a39cf0 kernel from: 279168 to: 371968 -> range: 92800
device: 0x1a39cf0 duration: 0.0394721
device: 0x1a31cb0 duration: 0.0406028
device: 0x1a394f0 duration: 0.0412058
device: 0x1a3a730 duration: 0.041685
duration mult ocl mod: 0.0489719
device: GeForce GTX 1080 Ti (0x1a3a730)  kernel from: 0 to: 12928 -> range: 12928 (with blocking: 12928)
device: GeForce GTX 1080 Ti (0x1a31cb0)  kernel from: 38784 to: 51328 -> range: 12544 (with blocking: 12544)
device: GeForce GTX 1080 Ti (0x1a394f0)  kernel from: 12928 to: 25856 -> range: 12928 (with blocking: 12928)
device: GeForce GTX 1080 Ti (0x1a39cf0)  kernel from: 25856 to: 38784 -> range: 12928 (with blocking: 12928)
device: 0x1a3a730 duration: 0.023637
device: 0x1a31cb0 duration: 0.0237772
device: 0x1a39cf0 duration: 0.0239533
device: 0x1a394f0 duration: 0.0241439
duration multTranspose ocl mod: 0.035235
device: 0x1a39cf0 kernel from: 0 to: 93056 -> range: 93056
device: 0x1a3a730 kernel from: 93056 to: 186112 -> range: 93056
device: 0x1a394f0 kernel from: 186112 to: 279168 -> range: 93056
device: 0x1a31cb0 kernel from: 279168 to: 371968 -> range: 92800
device: 0x1a3a730 duration: 0.0403671
device: 0x1a39cf0 duration: 0.0409293
device: 0x1a31cb0 duration: 0.0406231
device: 0x1a394f0 duration: 0.0411832
duration mult ocl mod: 0.052364
device: GeForce GTX 1080 Ti (0x1a394f0)  kernel from: 12928 to: 25856 -> range: 12928 (with blocking: 12928)
device: GeForce GTX 1080 Ti (0x1a31cb0)  kernel from: 38784 to: 51328 -> range: 12544 (with blocking: 12544)
device: GeForce GTX 1080 Ti (0x1a39cf0)  kernel from: 25856 to: 38784 -> range: 12928 (with blocking: 12928)
device: GeForce GTX 1080 Ti (0x1a3a730)  kernel from: 0 to: 12928 -> range: 12928 (with blocking: 12928)
device: 0x1a31cb0 duration: 0.0237496
device: 0x1a3a730 duration: 0.0236534
device: 0x1a39cf0 duration: 0.0239555
device: 0x1a394f0 duration: 0.0241971
duration multTranspose ocl mod: 0.0345211
device: 0x1a394f0 kernel from: 0 to: 93056 -> range: 93056
device: 0x1a39cf0 kernel from: 93056 to: 186112 -> range: 93056
device: 0x1a31cb0 kernel from: 186112 to: device: 279168 -> range: 930560x1a3a730
 kernel from: 279168 to: 371968 -> range: 92800
device: 0x1a39cf0 duration: 0.0380723
device: 0x1a31cb0 duration: 0.0406067
device: 0x1a394f0 duration: 0.0411872
device: 0x1a3a730 duration: 0.0417249
duration mult ocl mod: 0.0512159
device: GeForce GTX 1080 Ti (0x1a394f0)  kernel from: 0 to: 12928 -> range: 12928 (with blocking: 12928)
device: GeForce GTX 1080 Ti (0x1a31cb0)  kernel from: 38784 to: 51328 -> range: 12544 (with blocking: 12544)
device: GeForce GTX 1080 Ti (0x1a39cf0)  kernel from: 12928 to: 25856 -> range: 12928 (with blocking: 12928)
device: GeForce GTX 1080 Ti (0x1a3a730)  kernel from: 25856 to: 38784 -> range: 12928 (with blocking: 12928)
device: 0x1a394f0 duration: 0.0241603
device: 0x1a3a730 duration: 0.0236575
device: 0x1a31cb0 duration: 0.023765
device: 0x1a39cf0 duration: 0.024022
duration multTranspose ocl mod: 0.0355571
device: 0x1a31cb0 kernel from: 0 to: 93056 -> range: 93056
device: 0x1a394f0 kernel from: 93056 to: 186112 -> range: 93056
device: 0x1a39cf0 kernel from: 186112 to: 279168 -> range: 93056
device: 0x1a3a730 kernel from: 279168 to: 371968 -> range: 92800
device: 0x1a39cf0 duration: 0.0394782
device: 0x1a394f0 duration: 0.0412037
device: 0x1a3a730 duration: 0.0417106
device: 0x1a31cb0 duration: 0.0420249
duration mult ocl mod: 0.049752
device: GeForce GTX 1080 Ti (0x1a39cf0)  kernel from: 12928 to: 25856 -> range: 12928 (with blocking: 12928)
device: GeForce GTX 1080 Ti (0x1a31cb0)  kernel from: 38784 to: 51328 -> range: 12544 (with blocking: 12544)
device: GeForce GTX 1080 Ti (0x1a394f0)  kernel from: 0 to: 12928 -> range: 12928 (with blocking: 12928)
device: GeForce GTX 1080 Ti (0x1a3a730)  kernel from: 25856 to: 38784 -> range: 12928 (with blocking: 12928)
device: 0x1a394f0 duration: 0.0241807
device: 0x1a3a730 duration: 0.0236359
device: 0x1a31cb0 duration: 0.0237763
device: 0x1a39cf0 duration: 0.0239933
duration multTranspose ocl mod: 0.035401
device: 0x1a3a730 kernel from: 0 to: 93056 -> range: 93056
device: 0x1a31cb0 kernel from: 93056 to: 186112device:  -> range: 0x1a394f00x16b80 kernel from: 
186112 to: 279168 -> range: 93056
device: 0x1a39cf0 kernel from: 279168 to: 371968 -> range: 92800
device: 0x1a39cf0 duration: 0.0394701
device: 0x1a31cb0 duration: 0.0406241
device: 0x1a394f0 duration: 0.0412037
device: 0x1a3a730 duration: 0.0417238
duration mult ocl mod: 0.0512993
device: GeForce GTX 1080 Ti (0x1a3a730)  kernel from: 0 to: 12928 -> range: 12928 (with blocking: 12928)
device: GeForce GTX 1080 Ti (0x1a31cb0)  kernel from: 38784 to: 51328 -> range: 12544 (with blocking: 12544)
device: GeForce GTX 1080 Ti (0x1a39cf0)  kernel from: 25856 to: 38784 -> range: 12928 (with blocking: 12928)
device: GeForce GTX 1080 Ti (0x1a394f0)  kernel from: 12928 to: 25856 -> range: 12928 (with blocking: 12928)
device: 0x1a3a730 duration: 0.0236462
device: 0x1a31cb0 duration: 0.0238193
device: 0x1a39cf0 duration: 0.0239268
device: 0x1a394f0 duration: 0.0241304
duration multTranspose ocl mod: 0.0348385
device: 0x1a31cb0 kernel from: 0 to: 93056 -> range: 93056
device: 0x1a3a730 kernel from: 93056 to: 186112 -> range: 93056
device: 0x1a394f0 kernel from: 186112 to: 279168 -> range: 93056
device: 0x1a39cf0 kernel from: 279168 to: 371968 -> range: 92800
device: 0x1a39cf0 duration: 0.0380672
device: 0x1a31cb0 duration: 0.0392038
device: 0x1a394f0 duration: 0.0411832
device: 0x1a3a730 duration: 0.0417096
duration mult ocl mod: 0.0485012
device: GeForce GTX 1080 Ti (0x1a394f0)  kernel from: 0 to: 12928 -> range: 12928 (with blocking: 12928)
device: GeForce GTX 1080 Ti (0x1a31cb0)  kernel from: 38784 to: 51328 -> range: 12544 (with blocking: 12544)
device: GeForce GTX 1080 Ti (0x1a3a730)  kernel from: 12928 to: 25856 -> range: 12928 (with blocking: 12928)
device: GeForce GTX 1080 Ti (0x1a39cf0)  kernel from: 25856 to: 38784 -> range: 12928 (with blocking: 12928)
device: 0x1a3a730 duration: 0.0236851
device: 0x1a394f0 duration: 0.0241665
device: 0x1a39cf0 duration: 0.0239247
device: 0x1a31cb0 duration: 0.0237845
duration multTranspose ocl mod: 0.0351559
device: 0x1a394f0 kernel from: 0 to: 93056 -> range: 93056
device: 0x1a3a730 kernel from: 93056 to: 186112 -> range: 93056
device: 0x1a39cf0 kernel from: 186112 to: 279168 -> range: 93056
device: 0x1a31cb0 kernel from: 279168 to: 371968 -> range: 92800
device: 0x1a39cf0 duration: device: 0x1a394f0 duration: 0.0394854
0.0397477
device: 0x1a31cb0 duration: 0.0406118
device: 0x1a3a730 duration: 0.0417413
duration mult ocl mod: 0.0516389
device: GeForce GTX 1080 Ti (0x1a394f0)  kernel from: 0 to: 12928 -> range: 12928 (with blocking: 12928)
device: GeForce GTX 1080 Ti (0x1a31cb0)  kernel from: 38784 to: 51328 -> range: 12544 (with blocking: 12544)
device: GeForce GTX 1080 Ti (0x1a3a730)  kernel from: 12928 to: 25856 -> range: 12928 (with blocking: 12928)
device: GeForce GTX 1080 Ti (0x1a39cf0)  kernel from: 25856 to: 38784 -> range: 12928 (with blocking: 12928)
device: 0x1a3a730 duration: 0.0236728
device: 0x1a31cb0 duration: 0.0237844
device: 0x1a39cf0 duration: 0.0239247
device: 0x1a394f0 duration: 0.0241531
duration multTranspose ocl mod: 0.0346296
device: 0x1a39cf0 kernel from: 0 to: 93056 -> range: 93056
device: 0x1a31cb0 kernel from: 93056 to: device: 0x1a3a730 kernel from: 186112186112 to:  -> range: 279168 -> range: 9305693056

device: 0x1a394f0 kernel from: 279168 to: 371968 -> range: 92800
device: 0x1a39cf0 duration: 0.03951
device: 0x1a31cb0 duration: 0.0406221
device: 0x1a394f0 duration: device: 0x1a3a730 duration: 0.0411873
0.0417403
duration mult ocl mod: 0.0525426
device: GeForce GTX 1080 Ti (0x1a3a730)  kernel from: 0 to: 12928 -> range: 12928 (with blocking: 12928)
device: GeForce GTX 1080 Ti (0x1a31cb0)  kernel from: 38784 to: 51328 -> range: 12544 (with blocking: 12544)
device: GeForce GTX 1080 Ti (0x1a39cf0)  kernel from: 25856 to: 38784 -> range: 12928 (with blocking: 12928)
device: GeForce GTX 1080 Ti (0x1a394f0)  kernel from: 12928 to: 25856 -> range: 12928 (with blocking: 12928)
device: 0x1a31cb0 duration: 0.0237804
device: 0x1a3a730 duration: device: 0x1a39cf0 duration: 0.0236943
0.0239452
device: 0x1a394f0 duration: 0.0241695
duration multTranspose ocl mod: 0.0357935
device: 0x1a31cb0 kernel from: 0 to: 93056 -> range: 93056
device: 0x1a394f0 kernel from: 93056 to: 186112 -> range: 93056
device: 0x1a39cf0 kernel from: 186112 to: 279168 -> range: device: 930560x1a3a730 kernel from: 279168 to: 
371968 -> range: 92800
device: 0x1a31cb0 duration: 0.0392049
device: 0x1a39cf0 duration: 0.0409322
device: 0x1a394f0 duration: 0.0411935
device: 0x1a3a730 duration: 0.0417331
duration mult ocl mod: 0.0513638
device: GeForce GTX 1080 Ti (0x1a3a730)  kernel from: 0 to: 12928 -> range: 12928 (with blocking: 12928)
device: GeForce GTX 1080 Ti (0x1a31cb0)  kernel from: 38784 to: 51328 -> range: 12544 (with blocking: 12544)
device: GeForce GTX 1080 Ti (0x1a394f0)  kernel from: 12928 to: 25856 -> range: 12928 (with blocking: 12928)
device: GeForce GTX 1080 Ti (0x1a39cf0)  kernel from: 25856 to: 38784 -> range: 12928 (with blocking: 12928)
device: 0x1a3a730 duration: 0.0237302
device: 0x1a31cb0 duration: 0.023852
device: 0x1a39cf0 duration: 0.0239636
device: 0x1a394f0 duration: 0.0242401
duration multTranspose ocl mod: 0.0347711
device: 0x1a39cf0 kernel from: 0 to: 93056 -> range: 93056
device: 0x1a394f0 kernel from: 93056 to: 186112 -> range: 93056
device: 0x1a31cb0 kernel from: device: 186112 to: 0x1a3a7300x44280 kernel from: 279168 -> range:  to: 93056
371968 -> range: 92800
device: 0x1a39cf0 duration: 0.0409385
device: 0x1a31cb0 duration: device: 0x1a394f0 duration: 0.0406303
0.0411955
device: 0x1a3a730 duration: 0.0417208
duration mult ocl mod: 0.0503676
device: GeForce GTX 1080 Ti (0x1a394f0)  kernel from: 0 to: 12928 -> range: 12928 (with blocking: 12928)
device: GeForce GTX 1080 Ti (0x1a31cb0)  kernel from: 25856 to: 38784 -> range: 12928 (with blocking: 12928)
device: GeForce GTX 1080 Ti (0x1a3a730)  kernel from: 12928 to: 25856 -> range: 12928 (with blocking: 12928)
device: GeForce GTX 1080 Ti (0x1a39cf0)  kernel from: 38784 to: 51328 -> range: 12544 (with blocking: 12544)
device: 0x1a394f0 duration: 0.0241663
device: 0x1a3a730 duration: 0.0237199
device: 0x1a31cb0 duration: 0.0237917
device: 0x1a39cf0 duration: 0.0239442
duration multTranspose ocl mod: 0.0386508
device: 0x1a31cb0 kernel from: 0 to: 93056 -> range: 93056
device: 0x1a3a730 kernel from: 93056 to: 186112 -> range: 93056
device: 0x1a394f0 kernel from: 186112 to: 279168 -> range: 93056
device: 0x1a39cf0 kernel from: 279168 to: 371968 -> range: 92800
device: 0x1a39cf0 duration: 0.0394711
device: 0x1a31cb0 duration: 0.0406148
device: 0x1a394f0 duration: 0.0411914
device: 0x1a3a730 duration: 0.0417188
duration mult ocl mod: 0.0517659
device: GeForce GTX 1080 Ti (0x1a39cf0)  kernel from: 0 to: 12928 -> range: 12928 (with blocking: 12928)
device: GeForce GTX 1080 Ti (0x1a394f0)  kernel from: 25856 to: 38784 -> range: 12928 (with blocking: 12928)
device: GeForce GTX 1080 Ti (0x1a3a730)  kernel from: 12928 to: 25856 -> range: 12928 (with blocking: 12928)
device: GeForce GTX 1080 Ti (0x1a31cb0)  kernel from: 38784 to: 51328 -> range: 12544 (with blocking: 12544)
device: 0x1a3a730 duration: 0.0236656
device: 0x1a394f0 duration: 0.024277
device: 0x1a39cf0 duration: 0.0239329
device: 0x1a31cb0 duration: 0.0237138
duration multTranspose ocl mod: 0.0388799
device: 0x1a39cf0 kernel from: 0 to: 93056 -> range: 93056
device: 0x1a394f0 kernel from: 93056 to: 186112 -> range: 93056
device: 0x1a3a730 kernel from: 186112 to: 279168 -> range: 93056
device: 0x1a31cb0 kernel from: 279168 to: 371968 -> range: 92800
device: 0x1a39cf0 duration: 0.0394793
device: 0x1a31cb0 duration: 0.0406047
device: 0x1a394f0 duration: 0.0411822
device: 0x1a3a730 duration: 0.0417628
duration mult ocl mod: 0.0516094
device: GeForce GTX 1080 Ti (0x1a3a730)  kernel from: 0 to: 12928 -> range: 12928 (with blocking: 12928)
device: GeForce GTX 1080 Ti (0x1a31cb0)  kernel from: 25856 to: 38784 -> range: 12928 (with blocking: 12928)
device: GeForce GTX 1080 Ti (0x1a39cf0)  kernel from: 12928 to: 25856 -> range: 12928 (with blocking: 12928)
device: GeForce GTX 1080 Ti (0x1a394f0)  kernel from: 38784 to: 51328 -> range: 12544 (with blocking: 12544)
device: 0x1a39cf0 duration: 0.0240169
device: 0x1a3a730 duration: 0.0236052
device: 0x1a31cb0 duration: 0.0239032
device: 0x1a394f0 duration: 0.0241469
duration multTranspose ocl mod: 0.0372437
device: 0x1a31cb0 kernel from: 0 to: 93056 -> range: 93056
device: 0x1a39cf0 kernel from: 93056 to: 186112 -> range: 93056
device: 0x1a394f0 kernel from: 186112 to: 279168 -> range: 93056
device: 0x1a3a730 kernel from: 279168 to: 371968 -> range: 92800
device: 0x1a39cf0 duration: 0.040919
device: 0x1a394f0 duration: 0.0411781
device: 0x1a31cb0 duration: 0.0420403
device: 0x1a3a730 duration: 0.0417465
duration mult ocl mod: 0.0522311
device: GeForce GTX 1080 Ti (0x1a394f0)  kernel from: 0 to: 12928 -> range: 12928 (with blocking: 12928)
device: GeForce GTX 1080 Ti (0x1a39cf0)  kernel from: 38784 to: 51328 -> range: 12544 (with blocking: 12544)
device: GeForce GTX 1080 Ti (0x1a3a730)  kernel from: 12928 to: 25856 -> range: 12928 (with blocking: 12928)
device: GeForce GTX 1080 Ti (0x1a31cb0)  kernel from: 25856 to: 38784 -> range: 12928 (with blocking: 12928)
device: 0x1a39cf0 duration: 0.0239022
device: 0x1a3a730 duration: 0.0236134
device: 0x1a31cb0 duration: 0.0238664
device: 0x1a394f0 duration: 0.024195
duration multTranspose ocl mod: 0.0379722
device: 0x1a39cf0 kernel from: 0 to: 93056 -> range: 93056
device: 0x1a31cb0 kernel from: 93056 to: 186112 -> range: 93056
device: 0x1a394f0 kernel from: 186112 to: 279168 -> range: 93056
device: 0x1a3a730 kernel from: 279168 to: 371968 -> range: 92800
device: 0x1a39cf0 duration: 0.0394629
device: 0x1a31cb0 duration: 0.0406159
device: 0x1a394f0 duration: 0.0411996
device: 0x1a3a730 duration: 0.041729
duration mult ocl mod: 0.049022
device: GeForce GTX 1080 Ti (0x1a394f0)  kernel from: 0 to: 12928 -> range: 12928 (with blocking: 12928)
device: GeForce GTX 1080 Ti (0x1a39cf0)  kernel from: 25856 to: 38784 -> range: 12928 (with blocking: 12928)
device: GeForce GTX 1080 Ti (0x1a3a730)  kernel from: 12928 to: 25856 -> range: 12928 (with blocking: 12928)
device: GeForce GTX 1080 Ti (0x1a31cb0)  kernel from: 38784 to: 51328 -> range: 12544 (with blocking: 12544)
device: 0x1a31cb0 duration: 0.023808
device: 0x1a394f0 duration: 0.0242115
device: 0x1a3a730 duration: 0.0236308
device: 0x1a39cf0 duration: 0.0240118
duration multTranspose ocl mod: 0.0403622
device: 0x1a394f0 kernel from: 0 to: 93056 -> range: 93056
device: 0x1a31cb0 kernel from: 93056 to: 186112device: 0x1a3a730 kernel from: 186112 to: 279168 -> range:  -> range: 9305693056

device: 0x1a39cf0 kernel from: 279168 to: 371968 -> range: 92800
device: 0x1a39cf0 duration: 0.0394844
device: 0x1a31cb0 duration: 0.0406262
device: 0x1a394f0 duration: 0.0411986
device: 0x1a3a730 duration: 0.0417096
duration mult ocl mod: 0.0536021
device: GeForce GTX 1080 Ti (0x1a394f0)  kernel from: 0 to: 12928 -> range: 12928 (with blocking: 12928)
device: GeForce GTX 1080 Ti (0x1a3a730)  kernel from: 25856 to: 38784 -> range: 12928 (with blocking: 12928)
device: GeForce GTX 1080 Ti (0x1a31cb0)  kernel from: 38784 to: 51328 -> range: 12544 (with blocking: 12544)
device: GeForce GTX 1080 Ti (0x1a39cf0)  kernel from: 12928 to: 25856 -> range: 12928 (with blocking: 12928)
device: 0x1a31cb0 duration: 0.0238592
device: 0x1a39cf0 duration: 0.0239657
device: 0x1a394f0 duration: 0.0241439
device: 0x1a3a730 duration: 0.0236093
duration multTranspose ocl mod: 0.0434077
device: 0x1a31cb0 kernel from: 0 to: 93056 -> range: 93056
device: 0x1a394f0 kernel from: 93056 to: 186112 -> range: 93056
device: 0x1a3a730 kernel from: 186112 to: 279168 -> range: 93056
device: 0x1a39cf0 kernel from: 279168 to: 371968 -> range: 92800
device: 0x1a39cf0 duration: 0.0394793
device: 0x1a31cb0 duration: 0.0406006
device: 0x1a394f0 duration: 0.0411945
device: 0x1a3a730 duration: 0.041729
duration mult ocl mod: 0.0501597
device: GeForce GTX 1080 Ti (0x1a3a730)  kernel from: 0 to: 12928 -> range: 12928 (with blocking: 12928)
device: GeForce GTX 1080 Ti (0x1a394f0)  kernel from: 12928 to: 25856 -> range: 12928 (with blocking: 12928)
device: GeForce GTX 1080 Ti (0x1a39cf0)  kernel from: 38784 to: 51328 -> range: 12544 (with blocking: 12544)
device: GeForce GTX 1080 Ti (0x1a31cb0)  kernel from: 25856 to: 38784 -> range: 12928 (with blocking: 12928)
device: 0x1a3a730 duration: 0.0236933
device: 0x1a31cb0 duration: 0.02385
device: 0x1a39cf0 duration: 0.0239575
device: 0x1a394f0 duration: 0.0241746
duration multTranspose ocl mod: 0.036578
device: 0x1a31cb0 kernel from: 0 to: 93056 -> range: 93056
device: 0x1a394f0 kernel from: 93056 to: 186112 -> range: 93056
device: 0x1a3a730 kernel from: 186112 to: 279168 -> range: 93056
device: 0x1a39cf0 kernel from: 279168 to: 371968 -> range: 92800
device: 0x1a39cf0 duration: 0.0394721
device: 0x1a31cb0 duration: 0.040618
device: 0x1a394f0 duration: 0.0411955
device: 0x1a3a730 duration: 0.04173
duration mult ocl mod: 0.0482766
device: GeForce GTX 1080 Ti (0x1a3a730)  kernel from: 0 to: 12928 -> range: 12928 (with blocking: 12928)
device: GeForce GTX 1080 Ti (0x1a394f0)  kernel from: 12928 to: 25856 -> range: 12928 (with blocking: 12928)
device: GeForce GTX 1080 Ti (0x1a39cf0)  kernel from: 25856 to: 38784 -> range: 12928 (with blocking: 12928)
device: GeForce GTX 1080 Ti (0x1a31cb0)  kernel from: 38784 to: 51328 -> range: 12544 (with blocking: 12544)
device: 0x1a31cb0 duration: 0.0237855
device: 0x1a394f0 duration: 0.0241203
device: 0x1a3a730 duration: 0.0236329
device: 0x1a39cf0 duration: 0.0239544
duration multTranspose ocl mod: 0.0383359
device: 0x1a3a730 kernel from: 0 to: 93056 -> range: device: 930560x1a31cb0device: 
 kernel from: 93056 to: 0x2d700 -> range: 0x16b80
0x1a394f0 kernel from: 186112 to: 279168 -> range: 93056
device: 0x1a39cf0 kernel from: 279168 to: 371968 -> range: 92800
device: 0x1a39cf0 duration: 0.0394691
device: 0x1a31cb0 duration: 0.0406221
device: 0x1a3a730 duration: 0.0417137
device: 0x1a394f0 duration: 0.0426392
duration mult ocl mod: 0.0494928
device: GeForce GTX 1080 Ti (0x1a3a730)  kernel from: 0 to: 12928 -> range: 12928 (with blocking: 12928)
device: GeForce GTX 1080 Ti (0x1a394f0)  kernel from: 25856 to: 38784 -> range: 12928 (with blocking: 12928)
device: GeForce GTX 1080 Ti (0x1a39cf0)  kernel from: 12928 to: 25856 -> range: 12928 (with blocking: 12928)
device: GeForce GTX 1080 Ti (0x1a31cb0)  kernel from: 38784 to: 51328 -> range: 12544 (with blocking: 12544)
device: 0x1a3a730 duration: 0.0236462
device: 0x1a39cf0 duration: 0.0239708
device: 0x1a31cb0 duration: 0.0237414
device: 0x1a394f0 duration: 0.0242268
duration multTranspose ocl mod: 0.0351738
device: 0x1a31cb0 kernel from: 0 to: 93056 -> range: 93056
device: 0x1a39cf0 kernel from: 93056 to: 186112 -> range: 93056
device: 0x1a394f0 kernel from: 186112 to: 279168 -> range: 93056
device: 0x1a3a730 kernel from: 279168 to: 371968 -> range: 92800
device: 0x1a394f0 duration: 0.0397691
device: 0x1a31cb0 duration: 0.0406211
device: 0x1a39cf0 duration: 0.0394844
device: 0x1a3a730 duration: 0.0417556
duration mult ocl mod: 0.0580248
device: GeForce GTX 1080 Ti (0x1a3a730)  kernel from: 0 to: 12928 -> range: 12928 (with blocking: 12928)
device: GeForce GTX 1080 Ti (0x1a31cb0)  kernel from: 38784 to: 51328 -> range: 12544 (with blocking: 12544)
device: GeForce GTX 1080 Ti (0x1a394f0)  kernel from: 12928 to: 25856 -> range: 12928 (with blocking: 12928)
device: GeForce GTX 1080 Ti (0x1a39cf0)  kernel from: 25856 to: 38784 -> range: 12928 (with blocking: 12928)
device: 0x1a31cb0 duration: 0.0237578
device: 0x1a3a730 duration: 0.0236483
device: 0x1a39cf0 duration: 0.0239688
device: 0x1a394f0 duration: 0.0242094
duration multTranspose ocl mod: 0.0345259
device: 0x1a3a730 kernel from: 0 to: 93056 -> range: 93056
device: 0x1a39cf0 kernel from: 93056 to: 186112 -> range: 93056
device: 0x1a394f0 kernel from: 186112 to: 279168 -> range: 93056
device: 0x1a31cb0 kernel from: 279168 to: 371968 -> range: 92800
device: 0x1a31cb0 duration: 0.0406118
device: 0x1a394f0 duration: 0.0411884
device: 0x1a39cf0 duration: 0.0409068
device: 0x1a3a730 duration: 0.0417444
duration mult ocl mod: 0.0504076
device: GeForce GTX 1080 Ti (0x1a3a730)  kernel from: 0 to: 12928 -> range: 12928 (with blocking: 12928)
device: GeForce GTX 1080 Ti (0x1a31cb0)  kernel from: 38784 to: 51328 -> range: 12544 (with blocking: 12544)
device: GeForce GTX 1080 Ti (0x1a39cf0)  kernel from: 12928 to: 25856 -> range: 12928 (with blocking: 12928)
device: GeForce GTX 1080 Ti (0x1a394f0)  kernel from: 25856 to: 38784 -> range: 12928 (with blocking: 12928)
device: 0x1a3a730 duration: 0.0236831
device: 0x1a31cb0 duration: 0.0237752
device: 0x1a39cf0 duration: 0.0239626
device: 0x1a394f0 duration: 0.0241664
duration multTranspose ocl mod: 0.0336046
device: 0x1a31cb0 kernel from: 0 to: 93056 -> range: 93056
device: 0x1a394f0 kernel from: 93056 to: 186112 -> range: 93056
device: 0x1a3a730 kernel from: 186112 to: 279168 -> range: 93056
device: 0x1a39cf0 kernel from: 279168 to: 371968 -> range: 92800
device: 0x1a31cb0 duration: 0.0392008
device: 0x1a39cf0 duration: 0.0394823
device: 0x1a394f0 duration: 0.0411791
device: 0x1a3a730 duration: 0.0417494
duration mult ocl mod: 0.0510191
device: GeForce GTX 1080 Ti (0x1a39cf0)  kernel from: 0 to: 12928 -> range: 12928 (with blocking: 12928)
device: GeForce GTX 1080 Ti (0x1a394f0)  kernel from: 25856 to: 38784 -> range: 12928 (with blocking: 12928)
device: GeForce GTX 1080 Ti (0x1a3a730)  kernel from: 12928 to: 25856 -> range: 12928 (with blocking: 12928)
device: GeForce GTX 1080 Ti (0x1a31cb0)  kernel from: 38784 to: 51328 -> range: 12544 (with blocking: 12544)
device: 0x1a3a730 duration: 0.0236573
device: 0x1a31cb0 duration: 0.0237629
device: 0x1a39cf0 duration: 0.0239493
device: 0x1a394f0 duration: 0.0241787
duration multTranspose ocl mod: 0.033643
device: 0x1a3a730 kernel from: 0 to: 93056 -> range: 93056
device: 0x1a39cf0 kernel from: 93056 to: 186112 -> range: 93056
device: 0x1a394f0 kernel from: 186112 to: 279168 -> range: 93056
device: 0x1a31cb0 kernel from: 279168 to: 371968 -> range: 92800
device: 0x1a39cf0 duration: 0.0394844
device: 0x1a31cb0 duration: 0.0406118
device: 0x1a3a730 duration: 0.041728
device: 0x1a394f0 duration: 0.0426476
duration mult ocl mod: 0.0524146
device: GeForce GTX 1080 Ti (0x1a39cf0)  kernel from: 25856 to: 38784 -> range: 12928 (with blocking: 12928)
device: GeForce GTX 1080 Ti (0x1a394f0)  kernel from: 12928 to: 25856 -> range: 12928 (with blocking: 12928)
device: GeForce GTX 1080 Ti (0x1a3a730)  kernel from: 0 to: 12928 -> range: 12928 (with blocking: 12928)
device: GeForce GTX 1080 Ti (0x1a31cb0)  kernel from: 38784 to: 51328 -> range: 12544 (with blocking: 12544)
device: 0x1a3a730 duration: 0.0236483
device: 0x1a31cb0 duration: 0.0238008
device: 0x1a394f0 duration: 0.0241562
device: 0x1a39cf0 duration: 0.0239749
duration multTranspose ocl mod: 0.0340136
device: 0x1a31cb0 kernel from: 0 to: 93056 -> range: 93056
device: 0x1a39cf0 kernel from: 93056 to: 186112 -> range: 93056
device: 0x1a394f0 kernel from: 186112 to: 279168 -> range: 93056
device: 0x1a3a730 kernel from: 279168 to: 371968 -> range: 92800
device: 0x1a39cf0 duration: 0.0394844
device: 0x1a31cb0 duration: 0.0406118
device: 0x1a394f0 duration: 0.0411802
device: 0x1a3a730 duration: 0.041728
duration mult ocl mod: 0.0525622
device: GeForce GTX 1080 Ti (0x1a394f0)  kernel from: 0 to: 12928 -> range: 12928 (with blocking: 12928)
device: GeForce GTX 1080 Ti (0x1a31cb0)  kernel from: 25856 to: 38784 -> range: 12928 (with blocking: 12928)
device: GeForce GTX 1080 Ti (0x1a3a730)  kernel from: 38784 to: 51328 -> range: 12544 (with blocking: 12544)
device: GeForce GTX 1080 Ti (0x1a39cf0)  kernel from: 12928 to: 25856 -> range: 12928 (with blocking: 12928)
device: 0x1a31cb0 duration: 0.0238572
device: 0x1a394f0 duration: 0.0241848
device: 0x1a3a730 duration: 0.0236595
device: 0x1a39cf0 duration: 0.024027
duration multTranspose ocl mod: 0.0377952
device: 0x1a3a730 kernel from: 0 to: 93056 -> range: 93056
device: 0x1a394f0 kernel from: 93056 to: 186112 -> range: 93056
device: 0x1a31cb0 kernel from: 186112 to: 279168 -> range: 93056
device: 0x1a39cf0 kernel from: 279168 to: 371968 -> range: 92800
device: 0x1a39cf0 duration: 0.0394804
device: 0x1a31cb0 duration: 0.0406129
device: 0x1a394f0 duration: 0.0411872
device: 0x1a3a730 duration: 0.0417473
duration mult ocl mod: 0.0504742
device: GeForce GTX 1080 Ti (0x1a39cf0)  kernel from: 0 to: 12928 -> range: 12928 (with blocking: 12928)
device: GeForce GTX 1080 Ti (0x1a31cb0)  kernel from: 38784 to: 51328 -> range: 12544 (with blocking: 12544)
device: GeForce GTX 1080 Ti (0x1a3a730)  kernel from: 25856 to: 38784 -> range: 12928 (with blocking: 12928)
device: GeForce GTX 1080 Ti (0x1a394f0)  kernel from: 12928 to: 25856 -> range: 12928 (with blocking: 12928)
device: 0x1a31cb0 duration: 0.0237332
device: 0x1a39cf0 duration: 0.0239831
device: 0x1a3a730 duration: 0.0236411
device: 0x1a394f0 duration: 0.0241807
duration multTranspose ocl mod: 0.0380616
device: 0x1a394f0 kernel from: 0 to: 93056 -> range: 93056
device: 0x1a3a730 kernel from: 93056 to: 186112 -> range: 93056
device: 0x1a39cf0 kernel from: 186112 to: 279168 -> range: 93056
device: 0x1a31cb0 kernel from: 279168 to: 371968 -> range: 92800
device: 0x1a39cf0 duration: 0.0394742
device: 0x1a31cb0 duration: 0.040622
device: 0x1a394f0 duration: 0.0411904
device: 0x1a3a730 duration: 0.0417198
duration mult ocl mod: 0.050626
device: GeForce GTX 1080 Ti (0x1a39cf0)  kernel from: 0 to: 12928 -> range: 12928 (with blocking: 12928)
device: GeForce GTX 1080 Ti (0x1a31cb0)  kernel from: 38784 to: 51328 -> range: 12544 (with blocking: 12544)
device: GeForce GTX 1080 Ti (0x1a3a730)  kernel from: 25856 to: 38784 -> range: 12928 (with blocking: 12928)
device: GeForce GTX 1080 Ti (0x1a394f0)  kernel from: 12928 to: 25856 -> range: 12928 (with blocking: 12928)
device: 0x1a31cb0 duration: 0.0237978
device: 0x1a3a730 duration: 0.0236615
device: 0x1a39cf0 duration: 0.0240251
device: 0x1a394f0 duration: 0.0241541
duration multTranspose ocl mod: 0.0354043
device: 0x1a31cb0 kernel from: 0 to: 93056 -> range: 93056
device: 0x1a39cf0 kernel from: 93056 to: 186112 -> range: 93056
device: 0x1a394f0 kernel from: 186112 to: 279168 -> range: 93056
device: 0x1a3a730 kernel from: 279168 to: 371968 -> range: 92800
device: 0x1a39cf0 duration: 0.040918
device: 0x1a394f0 duration: 0.0412047
device: 0x1a31cb0 duration: 0.0420731
device: 0x1a3a730 duration: 0.0417168
duration mult ocl mod: 0.0530638
device: GeForce GTX 1080 Ti (0x1a394f0)  kernel from: 0 to: 12928 -> range: 12928 (with blocking: 12928)
device: GeForce GTX 1080 Ti (0x1a31cb0)  kernel from: 38784 to: 51328 -> range: 12544 (with blocking: 12544)
device: GeForce GTX 1080 Ti (0x1a3a730)  kernel from: 12928 to: 25856 -> range: 12928 (with blocking: 12928)
device: GeForce GTX 1080 Ti (0x1a39cf0)  kernel from: 25856 to: 38784 -> range: 12928 (with blocking: 12928)
device: 0x1a3a730 duration: 0.0237097
device: 0x1a31cb0 duration: 0.0237444
device: 0x1a39cf0 duration: 0.0239636
device: 0x1a394f0 duration: 0.0242022
duration multTranspose ocl mod: 0.0345814
device: 0x1a31cb0 kernel from: 0 to: 93056 -> range: 93056
device: 0x1a39cf0 kernel from: 93056 to: 186112 -> range: 93056
device: 0x1a394f0 kernel from: 186112 to: 279168 -> range: 93056
device: 0x1a3a730 kernel from: 279168 to: 371968 -> range: 92800
device: 0x1a31cb0 duration: 0.0406303
device: 0x1a39cf0 duration: 0.0409149
device: 0x1a394f0 duration: 0.0426332
device: 0x1a3a730 duration: 0.0417219
