./datadriven/examplesOCL/regression_cmd --trainingFileName ../../DissertationCodeGTX/datasets/DR5/DR5_nowarnings_less05_train.arff --testFileName ../../DissertationCodeGTX/datasets/DR5/DR5_nowarnings_less05_test.arff --learnerMode LEARNTEST --grid.level 10 --lambda 1E-5 --grid.type ModLinear --verbose true --additionalConfig results_diss/DR5_scaling_ocl_float_gtx1080ti_5.cfg --operation.type STREAMING --operation.subType OCLMASKMP --solverFinal.maxIterations 500 --solverFinal.eps 0 --isRegression true --adaptConfig.support_refinement_min_support 500 --adaptConfig.support_refinement_ocl_config results_diss/DR5_scaling_ocl_float_gtx1080ti_5.cfg --adaptConfig.use_support_refinement --do_dummy_ocl_init
training dataset: ../../DissertationCodeGTX/datasets/DR5/DR5_nowarnings_less05_train.arff
OCL Info: 2 OpenCL platforms have been found
OCL Info: detected platform, name: "Intel(R) OpenCL"
OCL Info: detected platform vendor name: "Intel(R) Corporation"
OCL Info: platform not configured, skipping...
OCL Info: detected platform, name: "NVIDIA CUDA"
OCL Info: detected platform vendor name: "NVIDIA Corporation"
OCL Info: using platform, name: "NVIDIA CUDA"
OCL Info: platform device count: 8
OCL Info: detected device, name: "GeForce GTX 1080 Ti"
OCL Info: using device, name: "GeForce GTX 1080 Ti"
OCL Info: detected device, name: "GeForce GTX 1080 Ti"
OCL Info: using device, name: "GeForce GTX 1080 Ti"
OCL Info: detected device, name: "GeForce GTX 1080 Ti"
OCL Info: using device, name: "GeForce GTX 1080 Ti"
OCL Info: detected device, name: "GeForce GTX 1080 Ti"
OCL Info: using device, name: "GeForce GTX 1080 Ti"
OCL Info: detected device, name: "GeForce GTX 1080 Ti"
OCL Info: using device, name: "GeForce GTX 1080 Ti"
OCL Info: detected device, name: "GeForce GTX 1080 Ti"
OCL Info: detected device, name: "GeForce GTX 1080 Ti"
OCL Info: detected device, name: "GeForce GTX 1080 Ti"
ocl dummy initalization duration: 7.79215
instances: 371908
support_refinement_min_support: 500
OCL Info: 2 OpenCL platforms have been found
OCL Info: detected platform, name: "Intel(R) OpenCL"
OCL Info: detected platform vendor name: "Intel(R) Corporation"
OCL Info: platform not configured, skipping...
OCL Info: detected platform, name: "NVIDIA CUDA"
OCL Info: detected platform vendor name: "NVIDIA Corporation"
OCL Info: using platform, name: "NVIDIA CUDA"
OCL Info: platform device count: 8
OCL Info: detected device, name: "GeForce GTX 1080 Ti"
OCL Info: using device, name: "GeForce GTX 1080 Ti"
OCL Info: detected device, name: "GeForce GTX 1080 Ti"
OCL Info: using device, name: "GeForce GTX 1080 Ti"
OCL Info: detected device, name: "GeForce GTX 1080 Ti"
OCL Info: using device, name: "GeForce GTX 1080 Ti"
OCL Info: detected device, name: "GeForce GTX 1080 Ti"
OCL Info: using device, name: "GeForce GTX 1080 Ti"
OCL Info: detected device, name: "GeForce GTX 1080 Ti"
OCL Info: using device, name: "GeForce GTX 1080 Ti"
OCL Info: detected device, name: "GeForce GTX 1080 Ti"
OCL Info: detected device, name: "GeForce GTX 1080 Ti"
OCL Info: detected device, name: "GeForce GTX 1080 Ti"
ocl_init_duration: 1.57568
building kernel: verify_support
building with optimization flags: 
--- Build Log ---


building with optimization flags: 
--- Build Log ---


building with optimization flags: 
--- Build Log ---


building with optimization flags: 
--- Build Log ---


building with optimization flags: 
--- Build Log ---


num_candidates: 1
num_candidates: 1 block_size: 128 num_candidates_per_device: 0
device: 4 range_padded: 128 range_start: 0 range_end: 1
candidates with support: 1
num_candidates: 10
num_candidates: 10 block_size: 128 num_candidates_per_device: 2
device: 4 range_padded: 128 range_start: 0 range_end: 10
candidates with support: 10
num_candidates: 60
num_candidates: 60 block_size: 128 num_candidates_per_device: 12
device: 4 range_padded: 128 range_start: 0 range_end: 60
candidates with support: 52
num_candidates: 236
num_candidates: 236 block_size: 128 num_candidates_per_device: 47
device: 4 range_padded: 256 range_start: 0 range_end: 236
candidates with support: 181
num_candidates: 706
num_candidates: 706 block_size: 128 num_candidates_per_device: 141
device: 4 range_padded: 768 range_start: 0 range_end: 706
candidates with support: 503
num_candidates: 1786
num_candidates: 1786 block_size: 128 num_candidates_per_device: 357
device: 4 range_padded: 1792 range_start: 0 range_end: 1786
candidates with support: 1241
num_candidates: 4140
num_candidates: 4140 block_size: 128 num_candidates_per_device: 828
device: device: 1 range_padded: 4 range_padded: device: 896 range_start: 3312 range_end: 4140
device: 2 range_padded: 896 range_start: 1656 range_end: 2484
device: 0 range_padded: 896 range_start: 0 range_end: 828
3 range_padded: 896 range_start: 2484 range_end: 3312
896 range_start: 828 range_end: 1656
candidates with support: 2886
num_candidates: 9216
num_candidates: 9216 block_size: 128 num_candidates_per_device: 1843
device: 2 range_padded: device: 1920 range_start: 43686 range_end: 5529 range_padded: 
device: 1 range_padded: 1920 range_start: 1843 range_end: 3686
device: 0 range_padded: 1920 range_start: 0 range_end: 1843
device: 3 range_padded: 1920 range_start: 5529 range_end: 7372
1920 range_start: 7372 range_end: 9216
candidates with support: 6397
num_candidates: 19682
num_candidates: 19682 block_size: 128 num_candidates_per_device: 3936
device: 0 range_padded: device: device: 3968 range_start: 0 range_end: 3936
24 range_padded: device: device: 3968 range_start: 17872 range_padded:  range_end: 118083968
 range_start: 3936 range_end: 7872
 range_padded: 3968 range_start: 15744 range_end: 19682
3 range_padded: 3968 range_start: 11808 range_end: 15744
candidates with support: 13464
num_candidates: 40066
num_candidates: 40066 block_size: 128 num_candidates_per_device: 8013
device: device: 3 range_padded: 8064 range_start: 24039 range_end: 320521
device: 0 range_padded: 8064 range_start: 0 range_end: 8013
 range_padded: 8064 range_start: 8013 range_end: 16026
device: 2 range_padded: 8064 range_start: 16026 range_end: 24039
device: 4 range_padded: 8064 range_start: 32052 range_end: 40066
candidates with support: 26558
datadriven refinement done, grid size: 51293
creating createOperationMultipleEval type: DEFAULT, using base operator factory
creating createOperationMultipleEval grid: ModLinear type: STREAMING subType: OCLMASKMP
OCL Info: 2 OpenCL platforms have been found
OCL Info: detected platform, name: "Intel(R) OpenCL"
OCL Info: detected platform vendor name: "Intel(R) Corporation"
OCL Info: detected platform, name: "NVIDIA CUDA"
OCL Info: detected platform vendor name: "NVIDIA Corporation"
OCL Info: using platform, name: "NVIDIA CUDA"
OCL Info: detected device, name: "GeForce GTX 1080 Ti"
OCL Info: using device, name: "GeForce GTX 1080 Ti"
OCL Info: detected device, name: "GeForce GTX 1080 Ti"
OCL Info: using device, name: "GeForce GTX 1080 Ti"
OCL Info: detected device, name: "GeForce GTX 1080 Ti"
OCL Info: using device, name: "GeForce GTX 1080 Ti"
OCL Info: detected device, name: "GeForce GTX 1080 Ti"
OCL Info: using device, name: "GeForce GTX 1080 Ti"
OCL Info: detected device, name: "GeForce GTX 1080 Ti"
OCL Info: using device, name: "GeForce GTX 1080 Ti"
OCL Info: detected device, name: "GeForce GTX 1080 Ti"
OCL Info: detected device, name: "GeForce GTX 1080 Ti"
OCL Info: detected device, name: "GeForce GTX 1080 Ti"
Starting Learning....

Doing refinement: 0
Grid Size: 51293
building with optimization flags: building with optimization flags: 

building with optimization flags: 
building with optimization flags: 
building with optimization flags: 
--- Begin Build Log ---


--- End Build Log ---
device: GeForce GTX 1080 Ti (0x235dcf0)  kernel from: 0 to: 10368 -> range: 10368 (with blocking: 10368)
--- Begin Build Log ---


--- End Build Log ---
device: GeForce GTX 1080 Ti (0x235d4f0)  kernel from: 10368 to: 20736 -> range: 10368 (with blocking: 10368)
--- Begin Build Log ---


--- End Build Log ---
device: GeForce GTX 1080 Ti (0x235e4f0)  kernel from: 20736 to: 31104 -> range: 10368 (with blocking: 10368)
--- Begin Build Log ---


--- End Build Log ---
device: GeForce GTX 1080 Ti (0x235e730)  kernel from: 31104 to: 41472 -> range: 10368 (with blocking: 10368)
--- Begin Build Log ---


--- End Build Log ---
device: GeForce GTX 1080 Ti (0x2355cb0)  kernel from: 41472 to: 51328 -> range: 9856 (with blocking: 9856)
device: 0x235d4f0 duration: 0.0192788
device: 0x2355cb0 duration: 0.0190033
device: 0x235e4f0 duration: 0.0190054
device: 0x235dcf0 duration: 0.0192348
device: 0x235e730 duration: 0.0189829
duration multTranspose ocl mod: 0.189211
building with optimization flags: 
building with optimization flags: 
building with optimization flags: 
building with optimization flags: 
building with optimization flags: 
--- Begin Build Log ---


--- End Build Log ---
--- Begin Build Log ---


--- End Build Log ---
--- Begin Build Log ---


--- End Build Log ---
--- Begin Build Log ---


--- End Build Log ---
--- Begin Build Log ---


--- End Build Log ---
device: 0x235d4f0 kernel from: 0 to: 74496 -> range: 74496
device: 0x235e730 kernel from: 74496 to: 148992 -> range: 74496
device: 0x235dcf0 kernel from: 148992 to: 223488 -> range: 74496
device: 0x235e4f0 kernel from: 223488 to: 297984 -> range: 74496
device: 0x2355cb0 kernel from: 297984 to: 371968 -> range: 73984
device: 0x235e730 duration: 0.032901
device: 0x235d4f0 duration: 0.0334275
device: 0x235dcf0 duration: 0.0335442
device: 0x2355cb0 duration: 0.0330433
device: 0x235e4f0 duration: 0.0361062
duration mult ocl mod: 0.194178
device: GeForce GTX 1080 Ti (0x235e4f0)  kernel from: 0 to: 10368 -> range: 10368 (with blocking: 10368)
device: GeForce GTX 1080 Ti (0x2355cb0)  kernel from: 41472 to: 51328 -> range: 9856 (with blocking: 9856)
device: GeForce GTX 1080 Ti (0x235dcf0)  kernel from: 10368 to: 20736 -> range: 10368 (with blocking: 10368)
device: GeForce GTX 1080 Ti (0x235e730)  kernel from: 20736 to: 31104 -> range: 10368 (with blocking: 10368)
device: GeForce GTX 1080 Ti (0x235d4f0)  kernel from: 31104 to: 41472 -> range: 10368 (with blocking: 10368)
device: 0x2355cb0 duration: 0.0190044
device: 0x235e4f0 duration: device: 0x235e730 duration: 0.0190239
0.0189164
device: 0x235d4f0 duration: 0.0193218
device: 0x235dcf0 duration: 0.0192666
duration multTranspose ocl mod: 0.033084
device: 0x235e4f0 kernel from: 0 to: 74496 -> range: 74496
device: 0x235d4f0 kernel from: 74496 to: 148992 -> range: 74496
device: 0x235e730 kernel from: 148992 to: 223488 -> range: 74496
device: 0x2355cb0 kernel from: 223488 to: 297984 -> range: 74496
device: 0x235dcf0 kernel from: 297984 to: 371968 -> range: 73984
device: 0x235e730 duration: 0.0326072
device: 0x235d4f0 duration: 0.0333824
device: 0x235e4f0 duration: 0.0348396
device: 0x2355cb0 duration: 0.0319918
device: 0x235dcf0 duration: 0.0333476
duration mult ocl mod: 0.0422276
device: GeForce GTX 1080 Ti (0x235e4f0)  kernel from: 0 to: 10368 -> range: 10368 (with blocking: 10368)
device: GeForce GTX 1080 Ti (0x235dcf0)  kernel from: 31104 to: 41472 -> range: 10368 (with blocking: 10368)
device: GeForce GTX 1080 Ti (0x235e730)  kernel from: 10368 to: 20736 -> range: 10368 (with blocking: 10368)
device: GeForce GTX 1080 Ti (0x2355cb0)  kernel from: 41472 to: 51328 -> range: 9856 (with blocking: 9856)
device: GeForce GTX 1080 Ti (0x235d4f0)  kernel from: 20736 to: 31104 -> range: 10368 (with blocking: 10368)
device: 0x235e730 duration: 0.018939
device: 0x2355cb0 duration: 0.0190136
device: 0x235e4f0 duration: 0.0190126
device: 0x235d4f0 duration: 0.0192993
device: 0x235dcf0 duration: 0.0192297
duration multTranspose ocl mod: 0.0306297
device: 0x235e730 kernel from: 0 to: 74496 -> range: 74496
device: 0x235d4f0 kernel from: 74496 to: 148992 -> range: 74496
device: 0x2355cb0 kernel from: 148992 to: 223488 -> range: 74496
device: 0x235e4f0 kernel from: 223488 to: 297984 -> range: 74496
device: 0x235dcf0 kernel from: 297984 to: 371968 -> range: 73984
device: 0x2355cb0 duration: 0.0319856
device: 0x235e4f0 duration: 0.0319037
device: 0x235dcf0 duration: 0.0323553
device: 0x235e730 duration: 0.032809
device: 0x235d4f0 duration: 0.033406
duration mult ocl mod: 0.0405251
device: GeForce GTX 1080 Ti (0x235dcf0)  kernel from: 0 to: 10368 -> range: 10368 (with blocking: 10368)
device: GeForce GTX 1080 Ti (0x235e730)  kernel from: 31104 to: 41472 -> range: 10368 (with blocking: 10368)
device: GeForce GTX 1080 Ti (0x235d4f0)  kernel from: 20736 to: 31104 -> range: 10368 (with blocking: 10368)
device: GeForce GTX 1080 Ti (0x235e4f0)  kernel from: 41472 to: 51328 -> range: 9856 (with blocking: 9856)
device: GeForce GTX 1080 Ti (0x2355cb0)  kernel from: 10368 to: 20736 -> range: 10368 (with blocking: 10368)
device: 0x235e730 duration: 0.0189184
device: 0x235d4f0 duration: 0.0192645
device: 0x235e4f0 duration: 0.0189491
device: 0x2355cb0 duration: 0.0190003
device: 0x235dcf0 duration: 0.0192031
duration multTranspose ocl mod: 0.0330699
device: 0x235d4f0 kernel from: 0 to: 74496 -> range: 74496
device: 0x2355cb0 kernel from: 74496 to: 148992 -> range: 74496
device: 0x235e4f0 kernel from: 148992 to: 223488 -> range: 74496
device: 0x235e730 kernel from: 223488 to: 297984 -> range: 74496
device: 0x235dcf0 kernel from: 297984 to: 371968 -> range: 73984
device: 0x235d4f0 duration: 0.0323298
device: 0x2355cb0 duration: 0.0319712
device: 0x235dcf0 duration: 0.0323574
device: 0x235e730 duration: 0.0327229
device: 0x235e4f0 duration: 0.0339814
duration mult ocl mod: 0.0412745
device: GeForce GTX 1080 Ti (0x235d4f0)  kernel from: 0 to: 10368 -> range: 10368 (with blocking: 10368)
device: GeForce GTX 1080 Ti (0x235dcf0)  kernel from: 20736 to: 31104 -> range: 10368 (with blocking: 10368)
device: GeForce GTX 1080 Ti (0x2355cb0)  kernel from: 31104 to: 41472 -> range: 10368 (with blocking: 10368)
device: GeForce GTX 1080 Ti (0x235e4f0)  kernel from: 10368 to: 20736 -> range: 10368 (with blocking: 10368)
device: GeForce GTX 1080 Ti (0x235e730)  kernel from: 41472 to: 51328 -> range: 9856 (with blocking: 9856)
device: 0x235d4f0 duration: 0.019285
device: 0x235e730 duration: 0.0189297
device: 0x235e4f0 duration: 0.0190167
device: 0x2355cb0 duration: 0.0190188
device: 0x235dcf0 duration: 0.0192379
duration multTranspose ocl mod: 0.0337168
device: 0x235dcf0 kernel from: 0 to: 74496 -> range: 74496
device: 0x235e4f0 kernel from: 74496 to: 148992 -> range: 74496
device: 0x235d4f0 kernel from: 148992 to: 223488 -> range: 74496
device: 0x2355cb0 kernel from: 223488 to: 297984 -> range: 74496
device: 0x235e730 kernel from: 297984 to: 371968 -> range: 73984
device: 0x2355cb0 duration: 0.0319795
device: 0x235dcf0 duration: 0.0324024
device: 0x235e730 duration: 0.0328253
device: 0x235d4f0 duration: 0.0333955
device: 0x235e4f0 duration: 0.0337295
duration mult ocl mod: 0.0423455
device: GeForce GTX 1080 Ti (0x235d4f0)  kernel from: 0 to: 10368 -> range: 10368 (with blocking: 10368)
device: GeForce GTX 1080 Ti (0x235dcf0)  kernel from: 20736 to: 31104 -> range: 10368 (with blocking: 10368)
device: GeForce GTX 1080 Ti (0x235e730)  kernel from: 31104 to: 41472 -> range: 10368 (with blocking: 10368)
device: GeForce GTX 1080 Ti (0x2355cb0)  kernel from: 41472 to: 51328 -> range: 9856 (with blocking: 9856)
device: GeForce GTX 1080 Ti (0x235e4f0)  kernel from: 10368 to: 20736 -> range: 10368 (with blocking: 10368)
device: 0x235dcf0 duration: 0.019241
device: 0x2355cb0 duration: 0.0190096
device: 0x235e730 duration: 0.0189245
device: 0x235e4f0 duration: 0.0190546
device: 0x235d4f0 duration: 0.0192726
duration multTranspose ocl mod: 0.0356011
device: 0x235e730 kernel from: 0 to: 74496 -> range: 74496
device: 0x2355cb0 kernel from: 74496 to: 148992 -> range: 74496
device: 0x235d4f0 kernel from: 223488 to: 297984 -> range: 74496
device: 0x235dcf0 kernel from: 148992 to: 223488 -> range: 74496
device: 0x235e4f0 kernel from: 297984 to: 371968 -> range: 73984
device: 0x2355cb0 duration: 0.0319857
device: 0x235dcf0 duration: 0.0323564
device: 0x235d4f0 duration: 0.0323737
device: 0x235e730 duration: 0.0327259
device: 0x235e4f0 duration: 0.0328673
duration mult ocl mod: 0.0417803
device: GeForce GTX 1080 Ti (0x235d4f0)  kernel from: 0 to: 10368 -> range: 10368 (with blocking: 10368)
device: GeForce GTX 1080 Ti (0x2355cb0)  kernel from: 31104 to: 41472 -> range: 10368 (with blocking: 10368)
device: GeForce GTX 1080 Ti (0x235e730)  kernel from: 20736 to: 31104 -> range: 10368 (with blocking: 10368)
device: GeForce GTX 1080 Ti (0x235dcf0)  kernel from: 10368 to: 20736 -> range: 10368 (with blocking: 10368)
device: GeForce GTX 1080 Ti (0x235e4f0)  kernel from: 41472 to: 51328 -> range: 9856 (with blocking: 9856)
device: 0x235dcf0 duration: 0.0192655
device: 0x235e4f0 duration: 0.0189595
device: 0x235d4f0 duration: 0.0192993
device: 0x235e730 duration: device: 0x2355cb0 duration: 0.0189716
0.0190657
duration multTranspose ocl mod: 0.0353159
device: 0x235e730 kernel from: 0 to: 74496 -> range: 74496device: 
0x235dcf0 kernel from: 74496 to: 148992 -> range: 74496
device: 0x235e4f0 kernel from: 148992 to: 223488 -> range: 74496
device: 0x235d4f0 kernel from: 223488 to: 297984 -> range: 74496
device: 0x2355cb0 kernel from: 297984 to: 371968 -> range: 73984
device: 0x2355cb0 duration: device: 0x235d4f0 duration: 0.0319672
0.0323737
device: 0x235e730 duration: 0.0327249
device: 0x235e4f0 duration: 0.0328898
device: 0x235dcf0 duration: 0.0323574
duration mult ocl mod: 0.0411691
device: GeForce GTX 1080 Ti (0x235dcf0)  kernel from: 0 to: 10368 -> range: 10368 (with blocking: 10368)
device: GeForce GTX 1080 Ti (0x2355cb0)  kernel from: 20736 to: 31104 -> range: 10368 (with blocking: 10368)
device: GeForce GTX 1080 Ti (0x235e4f0)  kernel from: 10368 to: 20736 -> range: 10368 (with blocking: 10368)
device: GeForce GTX 1080 Ti (0x235e730)  kernel from: 41472 to: 51328 -> range: 9856 (with blocking: 9856)
device: GeForce GTX 1080 Ti (0x235d4f0)  kernel from: 31104 to: 41472 -> range: 10368 (with blocking: 10368)
device: 0x2355cb0 duration: 0.0189891
device: 0x235e730 duration: 0.0189297
device: 0x235d4f0 duration: 0.0192573
device: 0x235e4f0 duration: 0.0189798
device: 0x235dcf0 duration: 0.019244
duration multTranspose ocl mod: 0.0345902
device: 0x235e4f0 kernel from: 0 to: 74496 -> range: 74496
device: 0x2355cb0 kernel from: 74496 to: 148992 -> range: 74496
device: 0x235d4f0 kernel from: 148992 to: 223488 -> range: 74496
device: 0x235e730 kernel from: 223488 to: 297984 -> range: 74496
device: 0x235dcf0 kernel from: 297984 to: 371968 -> range: 73984
device: 0x2355cb0 duration: device: 0x235e730 duration: 0.0319735
0.0317829
device: 0x235d4f0 duration: 0.0323267
device: 0x235dcf0 duration: 0.0323697
device: 0x235e4f0 duration: 0.0337664
duration mult ocl mod: 0.0425223
device: GeForce GTX 1080 Ti (0x235dcf0)  kernel from: 0 to: 10368 -> range: 10368 (with blocking: 10368)
device: GeForce GTX 1080 Ti (0x235e4f0)  kernel from: 10368 to: 20736 -> range: 10368 (with blocking: 10368)
device: GeForce GTX 1080 Ti (0x2355cb0)  kernel from: 41472 to: 51328 -> range: 9856 (with blocking: 9856)
device: GeForce GTX 1080 Ti (0x235d4f0)  kernel from: 31104 to: 41472 -> range: 10368 (with blocking: 10368)
device: GeForce GTX 1080 Ti (0x235e730)  kernel from: 20736 to: 31104 -> range: 10368 (with blocking: 10368)
device: 0x2355cb0 duration: 0.0190065
device: device: 0x235e4f00x235d4f0 duration:  duration: 0.01902390.0192829

device: 0x235e730 duration: 0.0189665
device: 0x235dcf0 duration: 0.019243
duration multTranspose ocl mod: 0.0342191
device: 0x235d4f0 kernel from: 0 to: 74496 -> range: 74496
device: device: 0x2355cb00x235e4f0 kernel from: 0x24600 to:  kernel from: 223488 -> range: 7449674496
 to: 148992 -> range: 74496
device: 0x235dcf0 kernel from: 223488 to: 297984 -> range: 74496
device: 0x235e730 kernel from: 297984 to: 371968 -> range: 73984
device: 0x235d4f0 duration: 0.0323256
device: device: 0x2355cb0 duration: 0x235e730 duration: 0.0319713
0.0327895
device: 0x235dcf0 duration: 0.0334367
device: 0x235e4f0 duration: 0.033748
duration mult ocl mod: 0.0432545
device: GeForce GTX 1080 Ti (0x235e730)  kernel from: 0 to: 10368 -> range: 10368 (with blocking: 10368)
device: GeForce GTX 1080 Ti (0x235e4f0)  kernel from: 31104 to: 41472 -> range: 10368 (with blocking: 10368)
device: GeForce GTX 1080 Ti (0x235d4f0)  kernel from: 41472 to: 51328 -> range: 9856 (with blocking: 9856)
device: GeForce GTX 1080 Ti (0x235dcf0)  kernel from: 20736 to: 31104 -> range: 10368 (with blocking: 10368)
device: GeForce GTX 1080 Ti (0x2355cb0)  kernel from: 10368 to: 20736 -> range: 10368 (with blocking: 10368)
device: 0x235e4f0 duration: 0.0190054
device: 0x235e730 duration: 0.0189594
device: 0x2355cb0 duration: 0.0190177
device: 0x235d4f0 duration: 0.019327
device: 0x235dcf0 duration: 0.0193116
duration multTranspose ocl mod: 0.0378991
device: 0x2355cb0 kernel from: 0 to: 74496 -> range: 74496
device: 0x235e730 kernel from: 74496 to: 148992 -> range: 74496
device: 0x235dcf0 kernel from: 148992 to: 223488 -> range: 74496
device: 0x235e4f0 kernel from: 223488 to: 297984 -> range: 74496
device: 0x235d4f0 kernel from: 297984 to: 371968 -> range: 73984
device: 0x2355cb0 duration: 0.032
device: 0x235dcf0 duration: 0.0324024
device: 0x235e730 duration: 0.0327393
device: 0x235e4f0 duration: 0.0329779
device: 0x235d4f0 duration: 0.033409
duration mult ocl mod: 0.0430772
device: GeForce GTX 1080 Ti (0x235d4f0)  kernel from: 0 to: 10368 -> range: 10368 (with blocking: 10368)
device: GeForce GTX 1080 Ti (0x235dcf0)  kernel from: 31104 to: 41472 -> range: 10368 (with blocking: 10368)
device: GeForce GTX 1080 Ti (0x2355cb0)  kernel from: 20736 to: 31104 -> range: 10368 (with blocking: 10368)
device: GeForce GTX 1080 Ti (0x235e730)  kernel from: 10368 to: 20736 -> range: 10368 (with blocking: 10368)
device: GeForce GTX 1080 Ti (0x235e4f0)  kernel from: 41472 to: 51328 -> range: 9856 (with blocking: 9856)
device: 0x235e4f0 duration: 0.0189522
device: 0x235d4f0 duration: 0.0192778
device: 0x2355cb0 duration: 0.0190034
device: 0x235dcf0 duration: device: 0.0192102
0x235e730 duration: 0.0189594
duration multTranspose ocl mod: 0.0343781
device: 0x235e4f0 kernel from: 0 to: 74496 -> range: 74496
device: 0x235d4f0 kernel from: 74496 to: 148992 -> range: 74496
device: 0x235dcf0 kernel from: 148992 to: 223488 -> range: 74496
device: 0x2355cb0 kernel from: 223488 to: 297984 -> range: 74496
device: 0x235e730 kernel from: 297984 to: 371968 -> range: 73984
device: 0x235e730 duration: 0.0317471
device: 0x2355cb0 duration: 0.0319775
device: 0x235dcf0 duration: 0.0323942
device: 0x235e4f0 duration: 0.032811
device: 0x235d4f0 duration: 0.0334213
duration mult ocl mod: 0.0416004
device: GeForce GTX 1080 Ti (0x235dcf0)  kernel from: 0 to: 10368 -> range: 10368 (with blocking: 10368)
device: GeForce GTX 1080 Ti (0x235e730)  kernel from: 20736 to: 31104 -> range: 10368 (with blocking: 10368)
device: GeForce GTX 1080 Ti (0x2355cb0)  kernel from: 31104 to: 41472 -> range: 10368 (with blocking: 10368)
device: GeForce GTX 1080 Ti (0x235d4f0)  kernel from: 41472 to: 51328 -> range: 9856 (with blocking: 9856)
device: GeForce GTX 1080 Ti (0x235e4f0)  kernel from: 10368 to: 20736 -> range: 10368 (with blocking: 10368)
device: 0x235e730 duration: 0.0189706
device: 0x235dcf0 duration: 0.0192296
device: 0x235e4f0 duration: 0.0189891
device: 0x2355cb0 duration: 0.0190065
device: 0x235d4f0 duration: 0.019282
duration multTranspose ocl mod: 0.0383597
device: 0x235e4f0 kernel from: 0 to: 74496 -> range: 74496
device: 0x235d4f0 kernel from: 74496 to: 148992 -> range: 74496
device: 0x235e730 kernel from: 148992 to: 223488 -> range: 74496
device: 0x2355cb0 kernel from: 223488 to: 297984 -> range: 74496
device: 0x235dcf0 kernel from: 297984 to: 371968 -> range: 73984
device: 0x2355cb0 duration: device: 0x235d4f0 duration: 0.0319724
0.0323604
device: 0x235dcf0 duration: device: 0x235e4f0 duration: 0.0329093
0.0323502
device: 0x235e730 duration: 0.0327752
duration mult ocl mod: 0.0411759
device: GeForce GTX 1080 Ti (0x235d4f0)  kernel from: 0 to: 10368 -> range: 10368 (with blocking: 10368)
device: GeForce GTX 1080 Ti (0x235dcf0)  kernel from: 10368 to: 20736 -> range: 10368 (with blocking: 10368)
device: GeForce GTX 1080 Ti (0x2355cb0)  kernel from: 41472 to: 51328 -> range: 9856 (with blocking: 9856)
device: GeForce GTX 1080 Ti (0x235e4f0)  kernel from: 20736 to: 31104 -> range: 10368 (with blocking: 10368)
device: GeForce GTX 1080 Ti (0x235e730)  kernel from: 31104 to: 41472 -> range: 10368 (with blocking: 10368)
device: device: 0x2355cb0 duration: 0x235e730 duration: 0.01902490.0189389

device: device: 0x235e4f0 duration: 0x235d4f0 duration: 0.0190197
0.019282
device: 0x235dcf0 duration: 0.0192461
duration multTranspose ocl mod: 0.0349867
device: 0x235d4f0 kernel from: 0 to: 74496 -> range: 74496
device: 0x235e4f0 kernel from: 74496 to: 148992 -> range: 74496
device: 0x235e730 kernel from: 148992 to: 223488 -> range: 74496
device: 0x2355cb0 kernel from: 223488 to: 297984 -> range: 74496
device: 0x235dcf0 kernel from: 297984 to: 371968 -> range: 73984
device: 0x235d4f0 duration: 0.0323695
device: 0x2355cb0 duration: 0.0319867
device: 0x235dcf0 duration: 0.0323369
device: 0x235e730 duration: 0.0327916
device: 0x235e4f0 duration: 0.0339036
duration mult ocl mod: 0.0410577
device: GeForce GTX 1080 Ti (0x235e4f0)  kernel from: 0 to: 10368 -> range: 10368 (with blocking: 10368)
device: GeForce GTX 1080 Ti (0x235dcf0)  kernel from: 20736 to: 31104 -> range: 10368 (with blocking: 10368)
device: GeForce GTX 1080 Ti (0x235d4f0)  kernel from: 10368 to: 20736 -> range: 10368 (with blocking: 10368)
device: GeForce GTX 1080 Ti (0x2355cb0)  kernel from: 41472 to: 51328 -> range: 9856 (with blocking: 9856)
device: GeForce GTX 1080 Ti (0x235e730)  kernel from: 31104 to: 41472 -> range: 10368 (with blocking: 10368)
device: 0x235e4f0 duration: device: 0x235e730 duration: 0.0190034
0.0189235
device: 0x2355cb0 duration: 0.0189901
device: 0x235d4f0 duration: 0.0192532
device: 0x235dcf0 duration: 0.0192236
duration multTranspose ocl mod: 0.0302335
device: 0x235e730 kernel from: 0 to: 74496 -> range: 74496
device: 0x235e4f0 kernel from: 74496 to: 148992 -> range: 74496
device: 0x235d4f0 kernel from: 148992 to: 223488 -> range: 74496
device: 0x235dcf0 kernel from: 223488 to: 297984 -> range: 74496
device: 0x2355cb0 kernel from: 297984 to: 371968 -> range: 73984
device: 0x2355cb0 duration: 0.0319857
device: 0x235d4f0 duration: 0.0333075
device: 0x235dcf0 duration: 0.0334623
device: 0x235e4f0 duration: 0.0338852
device: 0x235e730 duration: 0.0348109
duration mult ocl mod: 0.0432273
device: GeForce GTX 1080 Ti (0x235dcf0)  kernel from: 0 to: 10368 -> range: 10368 (with blocking: 10368)
device: GeForce GTX 1080 Ti (0x235d4f0)  kernel from: 20736 to: 31104 -> range: 10368 (with blocking: 10368)
device: GeForce GTX 1080 Ti (0x2355cb0)  kernel from: 41472 to: 51328 -> range: 9856 (with blocking: 9856)
device: GeForce GTX 1080 Ti (0x235e730)  kernel from: 31104 to: 41472 -> range: 10368 (with blocking: 10368)
device: GeForce GTX 1080 Ti (0x235e4f0)  kernel from: 10368 to: 20736 -> range: 10368 (with blocking: 10368)
device: 0x2355cb0 duration: 0.0190073
device: 0x235e4f0 duration: 0.0190167
device: 0x235e730 duration: 0.0189624
device: 0x235d4f0 duration: 0.0193044
device: 0x235dcf0 duration: 0.019243
duration multTranspose ocl mod: 0.0313201
device: 0x235e4f0 kernel from: 0 to: 74496 -> range: 74496
device: 0x2355cb0 kernel from: 74496 to: 148992 -> range: 74496
device: 0x235d4f0 kernel from: 148992 to: 223488 -> range: 74496
device: 0x235dcf0 kernel from: 223488 to: 297984 -> range: 74496
device: 0x235e730 kernel from: 297984 to: 371968 -> range: 73984
device: 0x2355cb0 duration: 0.0320082
device: 0x235e730 duration: 0.0317634
device: 0x235d4f0 duration: 0.0323564
device: 0x235e4f0 duration: 0.0329103
device: 0x235dcf0 duration: 0.0333527
duration mult ocl mod: 0.04228
device: GeForce GTX 1080 Ti (0x235d4f0)  kernel from: 0 to: 10368 -> range: 10368 (with blocking: 10368)
device: GeForce GTX 1080 Ti (0x2355cb0)  kernel from: 31104 to: 41472 -> range: 10368 (with blocking: 10368)
device: GeForce GTX 1080 Ti (0x235dcf0)  kernel from: 10368 to: 20736 -> range: 10368 (with blocking: 10368)
device: GeForce GTX 1080 Ti (0x235e4f0)  kernel from: 20736 to: 31104 -> range: 10368 (with blocking: 10368)
device: GeForce GTX 1080 Ti (0x235e730)  kernel from: 41472 to: 51328 -> range: 9856 (with blocking: 9856)
device: 0x2355cb0 duration: 0.0189993
device: 0x235e4f0 duration: 0.019031
device: 0x235d4f0 duration: 0.0192452
device: 0x235e730 duration: 0.0188959
device: 0x235dcf0 duration: 0.0192399
duration multTranspose ocl mod: 0.0343959
device: 0x235e4f0 kernel from: 0 to: 74496 -> range: 74496
device: 0x235d4f0 kernel from: 74496 to: 148992 -> range: 74496
device: 0x235e730 kernel from: 148992 to: 223488 -> range: 74496
device: 0x2355cb0 kernel from: 223488 to: 297984 -> range: 74496
device: 0x235dcf0 kernel from: 297984 to: 371968 -> range: 73984
device: 0x235d4f0 duration: 0.0323553
device: 0x2355cb0 duration: 0.0330537
device: 0x235dcf0 duration: 0.0333844
device: 0x235e4f0 duration: 0.0338678
device: 0x235e730 duration: 0.0348661
duration mult ocl mod: 0.0441113
device: GeForce GTX 1080 Ti (0x235e4f0)  kernel from: 0 to: 10368 -> range: 10368 (with blocking: 10368)
device: GeForce GTX 1080 Ti (0x235dcf0)  kernel from: 20736 to: 31104 -> range: 10368 (with blocking: 10368)
device: GeForce GTX 1080 Ti (0x2355cb0)  kernel from: 31104 to: 41472 -> range: 10368 (with blocking: 10368)
device: GeForce GTX 1080 Ti (0x235d4f0)  kernel from: 41472 to: 51328 -> range: 9856 (with blocking: 9856)
device: GeForce GTX 1080 Ti (0x235e730)  kernel from: 10368 to: 20736 -> range: 10368 (with blocking: 10368)
device: 0x235d4f0 duration: 0.0192697
device: 0x2355cb0device:  duration: 0x235e4f0 duration: 0.01902490.0190075

device: 0x235e730 duration: 0.0189194
device: 0x235dcf0 duration: 0.0192338
duration multTranspose ocl mod: 0.0337693
device: 0x2355cb0 kernel from: 0 to: 74496 -> range: 74496
device: 0x235e4f0 kernel from: 74496 to: 148992 -> range: 74496
device: 0x235d4f0 kernel from: 148992 to: 223488 -> range: 74496
device: 0x235dcf0 kernel from: 223488 to: 297984 -> range: 74496
device: 0x235e730 kernel from: 297984 to: 371968 -> range: 73984
device: 0x2355cb0 duration: 0.0319826
device: 0x235e730 duration: 0.0317328
device: 0x235d4f0 duration: 0.0323625
device: 0x235e4f0 duration: 0.0328499
device: 0x235dcf0 duration: 0.0323644
duration mult ocl mod: 0.0431159
device: GeForce GTX 1080 Ti (0x235e730)  kernel from: 0 to: 10368 -> range: 10368 (with blocking: 10368)
device: GeForce GTX 1080 Ti (0x235e4f0)  kernel from: 31104 to: 41472 -> range: 10368 (with blocking: 10368)
device: GeForce GTX 1080 Ti (0x235d4f0)  kernel from: 41472 to: 51328 -> range: 9856 (with blocking: 9856)
device: GeForce GTX 1080 Ti (0x2355cb0)  kernel from: 20736 to: 31104 -> range: 10368 (with blocking: 10368)
device: GeForce GTX 1080 Ti (0x235dcf0)  kernel from: 10368 to: 20736 -> range: 10368 (with blocking: 10368)
device: 0x235e730 duration: 0.0189286
device: 0x235e4f0 duration: 0.0190239
device: 0x2355cb0 duration: 0.0190189
device: 0x235d4f0 duration: 0.0192819
device: 0x235dcf0 duration: 0.0192236
duration multTranspose ocl mod: 0.0315276
device: 0x235d4f0 kernel from: 0 to: 74496 -> range: 74496
device: 0x235dcf0 kernel from: 74496 to: 148992 -> range: 74496
device: 0x2355cb0 kernel from: 148992 to: 223488 -> range: 74496
device: 0x235e4f0 kernel from: 223488 to: 297984 -> range: 74496
device: 0x235e730 kernel from: 297984 to: 371968 -> range: 73984
device: 0x2355cb0 duration: 0.0319734
device: 0x235d4f0 duration: 0.0323338
device: 0x235e4f0 duration: 0.032812
device: 0x235dcf0 duration: 0.0333732
device: 0x235e730 duration: 0.0327741
duration mult ocl mod: 0.0412344
device: GeForce GTX 1080 Ti (0x235e4f0)  kernel from: 0 to: 10368 -> range: 10368 (with blocking: 10368)
device: GeForce GTX 1080 Ti (0x235e730)  kernel from: 31104 to: 41472 -> range: 10368 (with blocking: 10368)
device: GeForce GTX 1080 Ti (0x235dcf0)  kernel from: 10368 to: 20736 -> range: 10368 (with blocking: 10368)
device: GeForce GTX 1080 Ti (0x2355cb0)  kernel from: 20736 to: 31104 -> range: 10368 (with blocking: 10368)
device: GeForce GTX 1080 Ti (0x235d4f0)  kernel from: 41472 to: 51328 -> range: 9856 (with blocking: 9856)
device: 0x235e730 duration: device: 0x235e4f0 duration: 0.0189389
0.0190372
device: 0x2355cb0 duration: 0.0190515
device: 0x235d4f0 duration: 0.0192634
device: 0x235dcf0 duration: 0.0192195
duration multTranspose ocl mod: 0.0311131
device: 0x235dcf0 kernel from: 0 to: 74496 -> range: 74496
device: 0x235e4f0 kernel from: 74496 to: 148992 -> range: 74496
device: 0x235d4f0 kernel from: 148992 to: 223488 -> range: 74496
device: 0x2355cb0 kernel from: 223488 to: 297984 -> range: 74496
device: 0x235e730 kernel from: 297984 to: 371968 -> range: 73984
device: 0x2355cb0 duration: 0.0319693
device: 0x235dcf0 duration: 0.0323512
device: 0x235e730 duration: 0.0317062
device: 0x235d4f0 duration: 0.0333156
device: 0x235e4f0 duration: 0.0338442
duration mult ocl mod: 0.0401876
device: GeForce GTX 1080 Ti (0x235dcf0)  kernel from: 0 to: 10368 -> range: 10368 (with blocking: 10368)
device: GeForce GTX 1080 Ti (0x235e730)  kernel from: 10368 to: 20736 -> range: 10368 (with blocking: 10368)
device: GeForce GTX 1080 Ti (0x2355cb0)  kernel from: 31104 to: 41472 -> range: 10368 (with blocking: 10368)
device: GeForce GTX 1080 Ti (0x235d4f0)  kernel from: 41472 to: 51328 -> range: 9856 (with blocking: 9856)
device: GeForce GTX 1080 Ti (0x235e4f0)  kernel from: 20736 to: 31104 -> range: 10368 (with blocking: 10368)
device: 0x2355cb0 duration: 0.0190003
device: 0x235e730 duration: 0.0188948
device: 0x235e4f0 duration: 0.0190106
device: 0x235dcf0 duration: 0.019241
device: 0x235d4f0 duration: 0.0192625
duration multTranspose ocl mod: 0.031035
device: 0x235d4f0 kernel from: 0 to: 74496 -> range: 74496
device: 0x235e4f0 kernel from: 74496 to: 148992 -> range: 74496
device: 0x235dcf0 kernel from: 148992 to: 223488 -> range: 74496
device: 0x2355cb0 kernel from: 223488 to: 297984 -> range: 74496
device: 0x235e730 kernel from: 297984 to: 371968 -> range: 73984
device: 0x2355cb0 duration: 0.0319795
device: 0x235d4f0 duration: 0.0323521
device: 0x235dcf0 duration: 0.0323451
device: 0x235e730 duration: 0.0328786
device: 0x235e4f0 duration: 0.0327762
duration mult ocl mod: 0.0391135
device: GeForce GTX 1080 Ti (0x235d4f0)  kernel from: 0 to: 10368 -> range: 10368 (with blocking: 10368)
device: GeForce GTX 1080 Ti (0x235e730)  kernel from: 41472 to: 51328 -> range: 9856 (with blocking: 9856)
device: GeForce GTX 1080 Ti (0x235e4f0)  kernel from: 10368 to: 20736 -> range: 10368 (with blocking: 10368)
device: GeForce GTX 1080 Ti (0x2355cb0)  kernel from: 31104 to: 41472 -> range: 10368 (with blocking: 10368)
device: GeForce GTX 1080 Ti (0x235dcf0)  kernel from: 20736 to: 31104 -> range: 10368 (with blocking: 10368)
device: 0x235d4f0 duration: 0.0192972
device: 0x235e730 duration: 0.0189204
device: 0x2355cb0 duration: 0.0190116
device: 0x235e4f0 duration: 0.0190024
device: 0x235dcf0 duration: 0.0192072
duration multTranspose ocl mod: 0.0324099
device: 0x235d4f0 kernel from: 0 to: 74496 -> range: 74496
device: 0x235e4f0 kernel from: 74496 to: 148992 -> range: 74496
device: 0x235dcf0 kernel from: 148992 to: 223488 -> range: 74496
device: 0x2355cb0 kernel from: 223488 to: 297984 -> range: 74496
device: 0x235e730 kernel from: 297984 to: 371968 -> range: 73984
device: 0x2355cb0 duration: 0.0330392
device: 0x235e730 duration: device: 0x235d4f0 duration: 0.0327895
0.0333476
device: 0x235dcf0 duration: 0.0333599
device: 0x235e4f0 duration: 0.0340081
duration mult ocl mod: 0.0399638
device: GeForce GTX 1080 Ti (0x235d4f0)  kernel from: 0 to: 10368 -> range: 10368 (with blocking: 10368)
device: GeForce GTX 1080 Ti (0x235e4f0)  kernel from: 20736 to: 31104 -> range: 10368 (with blocking: 10368)
device: GeForce GTX 1080 Ti (0x2355cb0)  kernel from: 41472 to: 51328 -> range: 9856 (with blocking: 9856)
device: GeForce GTX 1080 Ti (0x235e730)  kernel from: 10368 to: 20736 -> range: 10368 (with blocking: 10368)
device: GeForce GTX 1080 Ti (0x235dcf0)  kernel from: 31104 to: 41472 -> range: 10368 (with blocking: 10368)
device: 0x235e4f0 duration: 0.0190218
device: 0x2355cb0 duration: 0.0190321
device: 0x235d4f0 duration: 0.0192542
device: 0x235e730 duration: 0.0189245
device: 0x235dcf0 duration: 0.0192379
duration multTranspose ocl mod: 0.0325069
device: 0x235e4f0 kernel from: 0 to: 74496 -> range: 74496
device: 0x2355cb0 kernel from: 74496 to: 148992 -> range: 74496
device: 0x235e730 kernel from: 148992 to: 223488 -> range: 74496
device: 0x235dcf0 kernel from: 223488 to: 297984 -> range: 74496
device: 0x235d4f0 kernel from: 297984 to: 371968 -> range: 73984
device: 0x2355cb0 duration: 0.0319796
device: 0x235d4f0 duration: 0.0321812
device: 0x235dcf0 duration: 0.0323615
device: 0x235e730 duration: 0.0329195
device: 0x235e4f0 duration: 0.0348652
duration mult ocl mod: 0.0427277
device: GeForce GTX 1080 Ti (0x235e730)  kernel from: 10368 to: 20736 -> range: 10368 (with blocking: 10368)
device: GeForce GTX 1080 Ti (0x235e4f0)  kernel from: 20736 to: 31104 -> range: 10368 (with blocking: 10368)
device: GeForce GTX 1080 Ti (0x235d4f0)  kernel from: 31104 to: 41472 -> range: 10368 (with blocking: 10368)
device: GeForce GTX 1080 Ti (0x2355cb0)  kernel from: 41472 to: 51328 -> range: 9856 (with blocking: 9856)
device: GeForce GTX 1080 Ti (0x235dcf0)  kernel from: 0 to: 10368 -> range: 10368 (with blocking: 10368)
device: 0x2355cb0 duration: 0.0190177
device: 0x235e730 duration: 0.0189235
device: 0x235dcf0 duration: 0.0192287
device: 0x235e4f0 duration: device: 0x235d4f0 duration: 0.0189932
0.0192625
duration multTranspose ocl mod: 0.0285331
device: 0x235d4f0 kernel from: 0 to: 74496 -> range: 74496
device: 0x235dcf0 kernel from: 74496 to: 148992 -> range: 74496
device: 0x2355cb0 kernel from: 148992 to: 223488 -> range: 74496
device: 0x235e730 kernel from: 223488 to: 297984 -> range: 74496
device: 0x235e4f0 kernel from: 297984 to: 371968 -> range: 73984
device: 0x2355cb0 duration: 0.0319908
device: 0x235dcf0 duration: 0.0323574
device: 0x235e730 duration: 0.0329164
device: 0x235d4f0 duration: 0.0333426
device: 0x235e4f0 duration: 0.0328059
duration mult ocl mod: 0.0412697
device: GeForce GTX 1080 Ti (0x235e4f0)  kernel from: 0 to: 10368 -> range: 10368 (with blocking: 10368)
device: GeForce GTX 1080 Ti (0x2355cb0)  kernel from: 20736 to: 31104 -> range: 10368 (with blocking: 10368)
device: GeForce GTX 1080 Ti (0x235dcf0)  kernel from: 10368 to: 20736 -> range: 10368 (with blocking: 10368)
device: GeForce GTX 1080 Ti (0x235d4f0)  kernel from: 41472 to: 51328 -> range: 9856 (with blocking: 9856)
device: GeForce GTX 1080 Ti (0x235e730)  kernel from: 31104 to: 41472 -> range: 10368 (with blocking: 10368)
device: 0x235d4f0 duration: 0.0192952
device: 0x2355cb0 duration: 0.018986
device: 0x235e730 duration: 0.0189522
device: 0x235e4f0 duration: device: 0x235dcf00.0190177 duration: 
0.0191949
duration multTranspose ocl mod: 0.0345467
device: 0x235e4f0 kernel from: 0 to: 74496 -> range: 74496
device: 0x2355cb0 kernel from: 74496 to: 148992 -> range: 74496
device: 0x235e730 kernel from: 223488device:  to: 297984 -> range: 74496
0x235d4f0 kernel from: 148992 to: 223488 -> range: 74496
device: 0x235dcf0 kernel from: 297984 to: 371968 -> range: 73984
device: 0x2355cb0 duration: 0.0319805
device: 0x235dcf0 duration: 0.032343
device: 0x235e730 duration: 0.032896
device: 0x235d4f0 duration: device: 0x235e4f0 duration: 0.0333414
0.0338248
duration mult ocl mod: 0.0424936
device: GeForce GTX 1080 Ti (0x235dcf0)  kernel from: 0 to: 10368 -> range: 10368 (with blocking: 10368)
device: GeForce GTX 1080 Ti (0x235d4f0)  kernel from: 41472 to: 51328 -> range: 9856 (with blocking: 9856)
