./datadriven/examplesOCL/regression_cmd --trainingFileName ../../DissertationCodeGTX/datasets/DR5/DR5_nowarnings_less05_train.arff --testFileName ../../DissertationCodeGTX/datasets/DR5/DR5_nowarnings_less05_test.arff --learnerMode LEARNTEST --grid.level 10 --lambda 1E-5 --grid.type ModLinear --verbose true --additionalConfig results_diss/DR5_scaling_ocl_float_gtx1080ti_4.cfg --operation.type STREAMING --operation.subType OCLMASKMP --solverFinal.maxIterations 500 --solverFinal.eps 0 --isRegression true --adaptConfig.support_refinement_min_support 500 --adaptConfig.support_refinement_ocl_config results_diss/DR5_scaling_ocl_float_gtx1080ti_4.cfg --adaptConfig.use_support_refinement --do_dummy_ocl_init
OCL Info: 2 OpenCL platforms have been found
OCL Info: detected platform, name: "Intel(R) OpenCL"
OCL Info: detected platform vendor name: "Intel(R) Corporation"
OCL Info: platform not configured, skipping...
OCL Info: detected platform, name: "NVIDIA CUDA"
OCL Info: detected platform vendor name: "NVIDIA Corporation"
OCL Info: using platform, name: "NVIDIA CUDA"
OCL Info: platform device count: 8
OCL Info: detected device, name: "GeForce GTX 1080 Ti"
OCL Info: using device, name: "GeForce GTX 1080 Ti"
OCL Info: detected device, name: "GeForce GTX 1080 Ti"
OCL Info: using device, name: "GeForce GTX 1080 Ti"
OCL Info: detected device, name: "GeForce GTX 1080 Ti"
OCL Info: using device, name: "GeForce GTX 1080 Ti"
OCL Info: detected device, name: "GeForce GTX 1080 Ti"
OCL Info: using device, name: "GeForce GTX 1080 Ti"
OCL Info: detected device, name: "GeForce GTX 1080 Ti"
OCL Info: detected device, name: "GeForce GTX 1080 Ti"
OCL Info: detected device, name: "GeForce GTX 1080 Ti"
OCL Info: detected device, name: "GeForce GTX 1080 Ti"
ocl dummy initalization duration: 7.54129
instances: 371908
support_refinement_min_support: 500
OCL Info: 2 OpenCL platforms have been found
OCL Info: detected platform, name: "Intel(R) OpenCL"
OCL Info: detected platform vendor name: "Intel(R) Corporation"
OCL Info: platform not configured, skipping...
OCL Info: detected platform, name: "NVIDIA CUDA"
OCL Info: detected platform vendor name: "NVIDIA Corporation"
OCL Info: using platform, name: "NVIDIA CUDA"
OCL Info: platform device count: 8
OCL Info: detected device, name: "GeForce GTX 1080 Ti"
OCL Info: using device, name: "GeForce GTX 1080 Ti"
OCL Info: detected device, name: "GeForce GTX 1080 Ti"
OCL Info: using device, name: "GeForce GTX 1080 Ti"
OCL Info: detected device, name: "GeForce GTX 1080 Ti"
OCL Info: using device, name: "GeForce GTX 1080 Ti"
OCL Info: detected device, name: "GeForce GTX 1080 Ti"
OCL Info: using device, name: "GeForce GTX 1080 Ti"
OCL Info: detected device, name: "GeForce GTX 1080 Ti"
OCL Info: detected device, name: "GeForce GTX 1080 Ti"
OCL Info: detected device, name: "GeForce GTX 1080 Ti"
OCL Info: detected device, name: "GeForce GTX 1080 Ti"
ocl_init_duration: 1.24356
building kernel: verify_support
building with optimization flags: 
--- Build Log ---


building with optimization flags: 
--- Build Log ---


building with optimization flags: 
--- Build Log ---


building with optimization flags: 
--- Build Log ---


num_candidates: 1
num_candidates: 1 block_size: 128 num_candidates_per_device: 0
device: 3 range_padded: 128 range_start: 0 range_end: 1
candidates with support: 1
num_candidates: 10
num_candidates: 10 block_size: 128 num_candidates_per_device: 2
device: 3 range_padded: 128 range_start: 0 range_end: 10
candidates with support: 10
num_candidates: 60
num_candidates: 60 block_size: 128 num_candidates_per_device: 15
device: 3 range_padded: 128 range_start: 0 range_end: 60
candidates with support: 52
num_candidates: 236
num_candidates: 236 block_size: 128 num_candidates_per_device: 59
device: 3 range_padded: 256 range_start: 0 range_end: 236
candidates with support: 181
num_candidates: 706
num_candidates: 706 block_size: 128 num_candidates_per_device: 176
device: 3 range_padded: 768 range_start: 0 range_end: 706
candidates with support: 503
num_candidates: 1786
num_candidates: 1786 block_size: 128 num_candidates_per_device: 446
device: 3 range_padded: 1792 range_start: 0 range_end: 1786
candidates with support: 1241
num_candidates: 4140
num_candidates: 4140 block_size: 128 num_candidates_per_device: 1035
device: 0 range_padded: 1152 range_start: 0 range_end: 1035
device: device: 3 range_padded: 1152 range_start: 3105 range_end: 4140
device: 1 range_padded: 1152 range_start: 1035 range_end: 2070
2 range_padded: 1152 range_start: 2070 range_end: 3105
candidates with support: 2886
num_candidates: 9216
num_candidates: 9216 block_size: 128 num_candidates_per_device: 2304
device: 0 range_padded: 2304 range_start: 0device: 2 range_padded: 2304 range_start: 4608 range_end: 6912
 range_end: 2304
device: 3 range_padded: 2304 range_start: 6912 range_end: 9216
device: 1 range_padded: 2304 range_start: 2304 range_end: 4608
candidates with support: 6397
num_candidates: 19682
num_candidates: 19682 block_size: 128 num_candidates_per_device: 4920
device: 0 range_padded: 4992 range_start: 0 range_end: 4920
device: 1 range_padded: 4992 range_start: 4920 range_end: 9840
device: 3 range_padded: 4992 range_start: 14760 range_end: 19682
device: 2 range_padded: 4992 range_start: 9840 range_end: 14760
candidates with support: 13464
num_candidates: 40066
num_candidates: 40066 block_size: 128 num_candidates_per_device: 10016
device: 2 range_padded: 10112 range_start: 20032 range_end: 30048
device: 1 range_padded: 10112 range_start: 10016 range_end: 20032
device: 0 range_padded: 10112 range_start: 0 range_end: 10016
device: 3 range_padded: 10112 range_start: 30048 range_end: 40066
candidates with support: 26558
datadriven refinement done, grid size: 51293
creating createOperationMultipleEval type: DEFAULT, using base operator factory
creating createOperationMultipleEval grid: ModLinear type: STREAMING subType: OCLMASKMP
OCL Info: 2 OpenCL platforms have been found
OCL Info: detected platform, name: "Intel(R) OpenCL"
OCL Info: detected platform vendor name: "Intel(R) Corporation"
OCL Info: detected platform, name: "NVIDIA CUDA"
OCL Info: detected platform vendor name: "NVIDIA Corporation"
OCL Info: using platform, name: "NVIDIA CUDA"
OCL Info: detected device, name: "GeForce GTX 1080 Ti"
OCL Info: using device, name: "GeForce GTX 1080 Ti"
OCL Info: detected device, name: "GeForce GTX 1080 Ti"
OCL Info: using device, name: "GeForce GTX 1080 Ti"
OCL Info: detected device, name: "GeForce GTX 1080 Ti"
OCL Info: using device, name: "GeForce GTX 1080 Ti"
OCL Info: detected device, name: "GeForce GTX 1080 Ti"
OCL Info: using device, name: "GeForce GTX 1080 Ti"
OCL Info: detected device, name: "GeForce GTX 1080 Ti"
OCL Info: detected device, name: "GeForce GTX 1080 Ti"
OCL Info: detected device, name: "GeForce GTX 1080 Ti"
OCL Info: detected device, name: "GeForce GTX 1080 Ti"
Starting Learning....

Doing refinement: 0
Grid Size: 51293
building with optimization flags: 
building with optimization flags: 
building with optimization flags: 
building with optimization flags: 
--- Begin Build Log ---


--- End Build Log ---
device: GeForce GTX 1080 Ti (0x7b7cb0)  kernel from: 0 to: 12928 -> range: 12928 (with blocking: 12928)
--- Begin Build Log ---


--- End Build Log ---
device: GeForce GTX 1080 Ti (0x7c0730)  kernel from: 12928 to: 25856 -> range: 12928 (with blocking: 12928)
--- Begin Build Log ---


--- End Build Log ---
device: GeForce GTX 1080 Ti (0x7bf4f0)  kernel from: 25856 to: 38784 -> range: 12928 (with blocking: 12928)
--- Begin Build Log ---


--- End Build Log ---
device: GeForce GTX 1080 Ti (0x7bfcf0)  kernel from: 38784 to: 51328 -> range: 12544 (with blocking: 12544)
device: 0x7b7cb0 duration: 0.0238275
device: 0x7c0730 duration: 0.0235419
device: 0x7bfcf0 duration: 0.0241203
device: 0x7bf4f0 duration: 0.0241582
duration multTranspose ocl mod: 0.140591
building with optimization flags: 
building with optimization flags: 
building with optimization flags: 
building with optimization flags: 
--- Begin Build Log ---


--- End Build Log ---
--- Begin Build Log ---


--- End Build Log ---
--- Begin Build Log ---


--- End Build Log ---
--- Begin Build Log ---


--- End Build Log ---
device: 0x7c0730 kernel from: 0 to: 93056 -> range: 93056
device: 0x7bfcf0 kernel from: 93056 to: 186112 -> range: 93056
device: 0x7b7cb0 kernel from: 186112 to: 279168 -> range: 93056
device: 0x7bf4f0 kernel from: 279168 to: 371968 -> range: 92800
device: 0x7bfcf0 duration: 0.0397425
device: 0x7bf4f0 duration: 0.0397353
device: 0x7b7cb0 duration: 0.0405893
device: 0x7c0730 duration: 0.0415212
duration mult ocl mod: 0.142928
device: GeForce GTX 1080 Ti (0x7c0730)  kernel from: 0 to: 12928 -> range: 12928 (with blocking: 12928)
device: GeForce GTX 1080 Ti (0x7b7cb0)  kernel from: 38784 to: 51328 -> range: 12544 (with blocking: 12544)
device: GeForce GTX 1080 Ti (0x7bf4f0)  kernel from: 25856 to: 38784 -> range: 12928 (with blocking: 12928)
device: GeForce GTX 1080 Ti (0x7bfcf0)  kernel from: 12928 to: 25856 -> range: 12928 (with blocking: 12928)
device: 0x7c0730 duration: 0.0235274
device: 0x7b7cb0 duration: 0.023688
device: 0x7bf4f0 duration: 0.0241142
device: 0x7bfcf0 duration: 0.0241603
duration multTranspose ocl mod: 0.0384265
device: 0x7bf4f0 kernel from: 0 to: 93056 -> range: 93056
device: 0x7c0730 kernel from: 93056 to: 186112 -> range: 93056
device: 0x7bfcf0 kernel from: 186112 to: 279168 -> range: 93056
device: 0x7b7cb0 kernel from: 279168 to: 371968 -> range: 92800
device: 0x7bfcf0 duration: 0.0397271
device: 0x7b7cb0 duration: 0.0405852
device: 0x7c0730 duration: 0.0415201
device: 0x7bf4f0 duration: 0.0411587
duration mult ocl mod: 0.0536618
device: GeForce GTX 1080 Ti (0x7c0730)  kernel from: 0 to: 12928 -> range: 12928 (with blocking: 12928)
device: GeForce GTX 1080 Ti (0x7bfcf0)  kernel from: 25856 to: 38784 -> range: 12928 (with blocking: 12928)
device: GeForce GTX 1080 Ti (0x7bf4f0)  kernel from: 12928 to: 25856 -> range: 12928 (with blocking: 12928)
device: GeForce GTX 1080 Ti (0x7b7cb0)  kernel from: 38784 to: 51328 -> range: 12544 (with blocking: 12544)
device: 0x7c0730 duration: 0.0235591
device: 0x7b7cb0 duration: 0.023896
device: 0x7bf4f0 duration: device: 0x7bfcf0 duration: 0.0241243
0.0241295
duration multTranspose ocl mod: 0.033879
device: 0x7bf4f0 kernel from: 0 to: 93056 -> range: 93056
device: 0x7c0730 kernel from: 93056 to: 186112 -> range: 93056
device: 0x7bfcf0 kernel from: 186112 to: 279168 -> range: 93056
device: 0x7b7cb0 kernel from: 279168 to: 371968 -> range: 92800
device: 0x7bfcf0 duration: 0.0397414
device: 0x7b7cb0 duration: 0.0406006
device: 0x7bf4f0 duration: 0.0411689
device: 0x7c0730 duration: 0.041511
duration mult ocl mod: 0.0478186
device: GeForce GTX 1080 Ti (0x7c0730)  kernel from: 0 to: 12928 -> range: 12928 (with blocking: 12928)
device: GeForce GTX 1080 Ti (0x7bf4f0)  kernel from: 12928 to: 25856 -> range: 12928 (with blocking: 12928)
device: GeForce GTX 1080 Ti (0x7bfcf0)  kernel from: 38784 to: 51328 -> range: 12544 (with blocking: 12544)
device: GeForce GTX 1080 Ti (0x7b7cb0)  kernel from: 25856 to: 38784 -> range: 12928 (with blocking: 12928)
device: 0x7c0730 duration: 0.0235807
device: 0x7bf4f0 duration: 0.0241469
device: 0x7b7cb0 duration: 0.0238336
device: 0x7bfcf0 duration: 0.0241009
duration multTranspose ocl mod: 0.0361491
device: 0x7b7cb0 kernel from: 0 to: 93056 -> range: 93056
device: 0x7c0730 kernel from: 93056 to: 186112 -> range: 93056
device: 0x7bf4f0 kernel from: 186112 to: 279168 -> range: 93056
device: 0x7bfcf0 kernel from: 279168 to: 371968 -> range: 92800
device: 0x7bfcf0 duration: 0.0397373
device: 0x7b7cb0 duration: 0.0405862
device: 0x7bf4f0 duration: 0.0411832
device: 0x7c0730 duration: 0.0417332
duration mult ocl mod: 0.050412
device: GeForce GTX 1080 Ti (0x7bf4f0)  kernel from: 0 to: 12928 -> range: 12928 (with blocking: 12928)
device: GeForce GTX 1080 Ti (0x7c0730)  kernel from: 25856 to: 38784 -> range: 12928 (with blocking: 12928)
device: GeForce GTX 1080 Ti (0x7bfcf0)  kernel from: 12928 to: 25856 -> range: 12928 (with blocking: 12928)
device: GeForce GTX 1080 Ti (0x7b7cb0)  kernel from: 38784 to: 51328 -> range: 12544 (with blocking: 12544)
device: 0x7b7cb0 duration: 0.0236995
device: 0x7c0730 duration: 0.0237742
device: 0x7bf4f0 duration: 0.0241633
device: 0x7bfcf0 duration: 0.0241705
duration multTranspose ocl mod: 0.036235
device: 0x7b7cb0 kernel from: 0 to: 93056 -> range: 93056
device: 0x7bf4f0 kernel from: 93056 to: 186112 -> range: 93056
device: 0x7c0730 kernel from: 186112 to: 279168 -> range: 93056
device: 0x7bfcf0 kernel from: 279168 to: 371968 -> range: 92800
device: 0x7bfcf0 duration: device: 0x7bf4f0 duration: 0.0397537
0.0411781
device: 0x7c0730 duration: device: 0.0417219
0x7b7cb0 duration: 0.0420187
duration mult ocl mod: 0.0482173
device: GeForce GTX 1080 Ti (0x7c0730)  kernel from: 0 to: 12928 -> range: 12928 (with blocking: 12928)
device: GeForce GTX 1080 Ti (0x7bfcf0)  kernel from: 38784 to: 51328 -> range: 12544 (with blocking: 12544)
device: GeForce GTX 1080 Ti (0x7b7cb0)  kernel from: 25856 to: 38784 -> range: 12928 (with blocking: 12928)
device: GeForce GTX 1080 Ti (0x7bf4f0)  kernel from: 12928 to: 25856 -> range: 12928 (with blocking: 12928)
device: 0x7c0730 duration: 0.0237179
device: 0x7bf4f0 duration: 0.0242217
device: 0x7b7cb0 duration: 0.0238971
device: 0x7bfcf0 duration: 0.0241787
duration multTranspose ocl mod: 0.0399694
device: 0x7c0730 kernel from: 0 to: 93056 -> range: 93056
device: 0x7bf4f0 kernel from: 93056 to: 186112 -> range: 93056
device: 0x7b7cb0 kernel from: 186112 to: 279168 -> range: 93056
device: 0x7bfcf0 kernel from: 279168 to: 371968 -> range: 92800
device: 0x7bfcf0 duration: 0.0397261
device: 0x7c0730 duration: 0.0417187
device: 0x7b7cb0 duration: 0.0420127
device: 0x7bf4f0 duration: 0.0411894
duration mult ocl mod: 0.0497074
device: GeForce GTX 1080 Ti (0x7bfcf0)  kernel from: 0 to: 12928 -> range: 12928 (with blocking: 12928)
device: GeForce GTX 1080 Ti (0x7b7cb0)  kernel from: 25856 to: 38784 -> range: 12928 (with blocking: 12928)
device: GeForce GTX 1080 Ti (0x7c0730)  kernel from: 12928 to: 25856 -> range: 12928 (with blocking: 12928)
device: GeForce GTX 1080 Ti (0x7bf4f0)  kernel from: 38784 to: 51328 -> range: 12544 (with blocking: 12544)
device: 0x7b7cb0 duration: 0.0237855
device: 0x7c0730 duration: 0.0236861
device: 0x7bfcf0 duration: 0.0241028
device: 0x7bf4f0 duration: 0.0241029
duration multTranspose ocl mod: 0.0364828
device: 0x7bf4f0 kernel from: 0 to: 93056 -> range: 93056
device: 0x7c0730 kernel from: 93056 to: 186112 -> range: 93056
device: 0x7b7cb0 kernel from: 186112 to: 279168 -> range: 93056
device: 0x7bfcf0 kernel from: 279168 to: 371968 -> range: 92800
device: 0x7bf4f0 duration: 0.0411597
device: 0x7bfcf0 duration: 0.0397251
device: 0x7c0730 duration: 0.041738
device: 0x7b7cb0 duration: 0.0420035
duration mult ocl mod: 0.0480294
device: GeForce GTX 1080 Ti (0x7bf4f0)  kernel from: 0 to: 12928 -> range: 12928 (with blocking: 12928)
device: GeForce GTX 1080 Ti (0x7b7cb0)  kernel from: 25856 to: 38784 -> range: 12928 (with blocking: 12928)
device: GeForce GTX 1080 Ti (0x7bfcf0)  kernel from: 12928 to: 25856 -> range: 12928 (with blocking: 12928)
device: GeForce GTX 1080 Ti (0x7c0730)  kernel from: 38784 to: 51328 -> range: 12544 (with blocking: 12544)
device: 0x7bf4f0 duration: 0.0242513
device: 0x7c0730 duration: 0.0236104
device: 0x7b7cb0 duration: 0.0238518
device: 0x7bfcf0 duration: 0.024109
duration multTranspose ocl mod: 0.0390314
device: 0x7c0730 kernel from: 0 to: 93056 -> range: 93056
device: 0x7bfcf0 kernel from: 93056 to: 186112 -> range: 93056
device: 0x7bf4f0 kernel from: 186112 to: 279168 -> range: 93056
device: 0x7b7cb0 kernel from: 279168 to: 371968 -> range: 92800
device: 0x7bfcf0 duration: 0.0397414
device: 0x7b7cb0 duration: 0.0405924
device: 0x7bf4f0 duration: 0.0411791
device: 0x7c0730 duration: 0.0417096
duration mult ocl mod: 0.0517466
device: GeForce GTX 1080 Ti (0x7bf4f0)  kernel from: 0 to: 12928 -> range: 12928 (with blocking: 12928)
device: GeForce GTX 1080 Ti (0x7c0730)  kernel from: 38784 to: 51328 -> range: 12544 (with blocking: 12544)
device: GeForce GTX 1080 Ti (0x7bfcf0)  kernel from: 12928 to: 25856 -> range: 12928 (with blocking: 12928)
device: GeForce GTX 1080 Ti (0x7b7cb0)  kernel from: 25856 to: 38784 -> range: 12928 (with blocking: 12928)
device: 0x7b7cb0 duration: device: 0x7c0730 duration: 0.02360110.0237752

device: 0x7bf4f0 duration: 0.024235
device: 0x7bfcf0 duration: 0.0241449
duration multTranspose ocl mod: 0.0353793
device: 0x7bfcf0 kernel from: 0 to: 93056 -> range: 93056
device: 0x7b7cb0 kernel from: 93056 to: 186112 -> range: 93056
device: 0x7bf4f0 kernel from: 186112 to: 279168 -> range: 93056
device: 0x7c0730 kernel from: 279168 to: 371968 -> range: 92800
device: 0x7bfcf0 duration: 0.0397425
device: 0x7b7cb0 duration: 0.0391875
device: 0x7bf4f0 duration: 0.0411832
device: 0x7c0730 duration: 0.0417321
duration mult ocl mod: 0.056379
device: GeForce GTX 1080 Ti (0x7bf4f0)  kernel from: 0 to: 12928 -> range: 12928 (with blocking: 12928)
device: GeForce GTX 1080 Ti (0x7b7cb0)  kernel from: 25856 to: 38784 -> range: 12928 (with blocking: 12928)
device: GeForce GTX 1080 Ti (0x7bfcf0)  kernel from: 12928 to: 25856 -> range: 12928 (with blocking: 12928)
device: GeForce GTX 1080 Ti (0x7c0730)  kernel from: 38784 to: 51328 -> range: 12544 (with blocking: 12544)
device: 0x7c0730 duration: device: 0x7bf4f0 duration: 0.0236872
0.024156
device: 0x7b7cb0 duration: 0.0239135
device: 0x7bfcf0 duration: 0.0241633
duration multTranspose ocl mod: 0.0338928
device: 0x7b7cb0 kernel from: 0 to: 93056 -> range: 93056
device: 0x7c0730 kernel from: 93056 to: 186112 -> range: 93056
device: 0x7bf4f0 kernel from: 186112 to: 279168 -> range: 93056
device: 0x7bfcf0 kernel from: 279168 to: 371968 -> range: 92800
device: 0x7bfcf0 duration: 0.0397322
device: 0x7b7cb0 duration: 0.0405914
device: 0x7bf4f0 duration: 0.0411699
device: 0x7c0730 duration: 0.0417507
duration mult ocl mod: 0.0500788
device: GeForce GTX 1080 Ti (0x7bf4f0)  kernel from: 0 to: 12928 -> range: 12928 (with blocking: 12928)
device: GeForce GTX 1080 Ti (0x7b7cb0)  kernel from: 12928 to: 25856 -> range: 12928 (with blocking: 12928)
device: GeForce GTX 1080 Ti (0x7c0730)  kernel from: 38784 to: 51328 -> range: 12544 (with blocking: 12544)
device: GeForce GTX 1080 Ti (0x7bfcf0)  kernel from: 25856 to: 38784 -> range: 12928 (with blocking: 12928)
device: 0x7bfcf0 duration: 0.0241562
device: 0x7c0730 duration: 0.0236798
device: 0x7b7cb0 duration: 0.0238121
device: 0x7bf4f0 duration: 0.024151
duration multTranspose ocl mod: 0.0337775
device: 0x7bfcf0 kernel from: 0 to: 93056 -> range: 93056
device: 0x7bf4f0 kernel from: 93056 to: 186112 -> range: 93056
device: 0x7c0730 kernel from: 186112 to: 279168 -> range: 93056
device: 0x7b7cb0 kernel from: 279168 to: 371968 -> range: 92800
device: 0x7bfcf0 duration: 0.0397363
device: 0x7bf4f0 duration: 0.0411689
device: 0x7c0730 duration: 0.0417239
device: 0x7b7cb0 duration: 0.0406098
duration mult ocl mod: 0.0513667
device: GeForce GTX 1080 Ti (0x7c0730)  kernel from: 0 to: 12928 -> range: 12928 (with blocking: 12928)
device: GeForce GTX 1080 Ti (0x7bf4f0)  kernel from: 25856 to: 38784 -> range: 12928 (with blocking: 12928)
device: GeForce GTX 1080 Ti (0x7b7cb0)  kernel from: 12928 to: 25856 -> range: 12928 (with blocking: 12928)
device: GeForce GTX 1080 Ti (0x7bfcf0)  kernel from: 38784 to: 51328 -> range: 12544 (with blocking: 12544)
device: 0x7bfcf0 duration: 0.0240833
device: 0x7c0730 duration: 0.023683
device: 0x7b7cb0 duration: 0.0238264
device: 0x7bf4f0 duration: 0.0241889
duration multTranspose ocl mod: 0.0396747
device: 0x7b7cb0 kernel from: 0 to: 93056 -> range: 93056
device: 0x7c0730 kernel from: 93056 to: 186112 -> range: 93056
device: 0x7bf4f0 kernel from: 186112 to: 279168 -> range: 93056
device: 0x7bfcf0 kernel from: 279168 to: 371968 -> range: 92800
device: 0x7bfcf0 duration: 0.0397578
device: 0x7b7cb0 duration: 0.0405719
device: 0x7bf4f0 duration: 0.0411648
device: 0x7c0730 duration: 0.0417321
duration mult ocl mod: 0.0540264
device: GeForce GTX 1080 Ti (0x7c0730)  kernel from: 0 to: 12928 -> range: 12928 (with blocking: 12928)
device: GeForce GTX 1080 Ti (0x7bfcf0)  kernel from: 38784 to: 51328 -> range: 12544 (with blocking: 12544)
device: GeForce GTX 1080 Ti (0x7b7cb0)  kernel from: 12928 to: 25856 -> range: 12928 (with blocking: 12928)
device: GeForce GTX 1080 Ti (0x7bf4f0)  kernel from: 25856 to: 38784 -> range: 12928 (with blocking: 12928)
device: 0x7c0730 duration: 0.0237405
device: 0x7b7cb0 duration: 0.0239227
device: device: 0x7bfcf0 duration: 0x7bf4f0 duration: 0.02418390.0241234

duration multTranspose ocl mod: 0.0343767
device: 0x7c0730 kernel from: 0 to: 93056 -> range: 93056
device: 0x7b7cb0 kernel from: 93056 to: 186112 -> range: 93056
device: 0x7bf4f0 kernel from: 186112 to: 279168 -> range: 93056
device: 0x7bfcf0 kernel from: 279168 to: 371968 -> range: 92800
device: 0x7bfcf0 duration: 0.0397271
device: 0x7b7cb0 duration: 0.0405821
device: 0x7c0730 duration: 0.0417188
device: 0x7bf4f0 duration: 0.0411689
duration mult ocl mod: 0.0477981
device: GeForce GTX 1080 Ti (0x7bf4f0)  kernel from: 0 to: 12928 -> range: 12928 (with blocking: 12928)
device: GeForce GTX 1080 Ti (0x7b7cb0)  kernel from: 38784 to: 51328 -> range: 12544 (with blocking: 12544)
device: GeForce GTX 1080 Ti (0x7bfcf0)  kernel from: 25856 to: 38784 -> range: 12928 (with blocking: 12928)
device: GeForce GTX 1080 Ti (0x7c0730)  kernel from: 12928 to: 25856 -> range: 12928 (with blocking: 12928)
device: 0x7bf4f0 duration: 0.0240927
device: 0x7c0730 duration: 0.0237641
device: 0x7bfcf0 duration: 0.0241531
device: 0x7b7cb0 duration: 0.0237218
duration multTranspose ocl mod: 0.0385415
device: 0x7bf4f0 kernel from: 0 to: 93056 -> range: 93056
device: 0x7b7cb0 kernel from: 93056 to: 186112 -> range: 93056
device: 0x7c0730 kernel from: 186112 to: 279168 -> range: 93056
device: 0x7bfcf0 kernel from: 279168 to: 371968 -> range: 92800
device: 0x7bf4f0 duration: 0.039724
device: 0x7bfcf0 duration: 0.0397363
device: 0x7b7cb0 duration: 0.0405953
device: 0x7c0730 duration: 0.0417227
duration mult ocl mod: 0.0483549
device: GeForce GTX 1080 Ti (0x7c0730)  kernel from: 0 to: 12928 -> range: 12928 (with blocking: 12928)
device: GeForce GTX 1080 Ti (0x7bf4f0)  kernel from: 38784 to: 51328 -> range: 12544 (with blocking: 12544)
device: GeForce GTX 1080 Ti (0x7bfcf0)  kernel from: 12928 to: 25856 -> range: 12928 (with blocking: 12928)
device: GeForce GTX 1080 Ti (0x7b7cb0)  kernel from: 25856 to: 38784 -> range: 12928 (with blocking: 12928)
device: 0x7c0730 duration: 0.0237466
device: 0x7b7cb0 duration: 0.0238817
device: 0x7bf4f0 duration: 0.024152
device: 0x7bfcf0 duration: 0.0241029
duration multTranspose ocl mod: 0.036699
device: 0x7c0730 kernel from: 0 to: 93056 -> range: 93056
device: 0x7bf4f0 kernel from: 93056 to: 186112 -> range: 93056
device: 0x7bfcf0 kernel from: 186112 to: 279168 -> range: 93056
device: 0x7b7cb0 kernel from: 279168 to: 371968 -> range: 92800
device: 0x7bfcf0 duration: 0.0397343
device: 0x7b7cb0 duration: 0.0405862
device: 0x7bf4f0 duration: 0.0411637
device: 0x7c0730 duration: 0.0417413
duration mult ocl mod: 0.0504221
device: GeForce GTX 1080 Ti (0x7c0730)  kernel from: 0 to: 12928 -> range: 12928 (with blocking: 12928)
device: GeForce GTX 1080 Ti (0x7b7cb0)  kernel from: 25856 to: 38784 -> range: 12928 (with blocking: 12928)
device: GeForce GTX 1080 Ti (0x7bfcf0)  kernel from: 38784 to: 51328 -> range: 12544 (with blocking: 12544)
device: GeForce GTX 1080 Ti (0x7bf4f0)  kernel from: 12928 to: 25856 -> range: 12928 (with blocking: 12928)
device: 0x7c0730 duration: 0.0236483
device: 0x7b7cb0 duration: 0.023852
device: 0x7bfcf0 duration: 0.0241091
device: 0x7bf4f0 duration: 0.0241192
duration multTranspose ocl mod: 0.0364344
device: 0x7b7cb0 kernel from: 0 to: 93056 -> range: 93056
device: 0x7bfcf0 kernel from: 93056 to: 186112 -> range: 93056
device: 0x7c0730 kernel from: 186112 to: 279168 -> range: 93056
device: 0x7bf4f0 kernel from: 279168 to: 371968 -> range: 92800
device: 0x7b7cb0 duration: 0.0405894
device: 0x7bfcf0 duration: 0.0411709
device: 0x7bf4f0 duration: 0.0411863
device: 0x7c0730 duration: 0.0417372
duration mult ocl mod: 0.0503674
device: GeForce GTX 1080 Ti (0x7c0730)  kernel from: 0 to: 12928 -> range: 12928 (with blocking: 12928)
device: GeForce GTX 1080 Ti (0x7b7cb0)  kernel from: 25856 to: 38784 -> range: 12928 (with blocking: 12928)
device: GeForce GTX 1080 Ti (0x7bf4f0)  kernel from: 12928 to: 25856 -> range: 12928 (with blocking: 12928)
device: GeForce GTX 1080 Ti (0x7bfcf0)  kernel from: 38784 to: 51328 -> range: 12544 (with blocking: 12544)
device: 0x7c0730 duration: 0.0236616
device: 0x7b7cb0 duration: 0.0237568
device: 0x7bf4f0 duration: 0.0241695
device: 0x7bfcf0 duration: 0.0241326
duration multTranspose ocl mod: 0.0338168
device: 0x7c0730 kernel from: 0 to: 93056 -> range: 93056
device: 0x7bfcf0 kernel from: 93056 to: 186112 -> range: 93056
device: 0x7bf4f0 kernel from: 186112 to: 279168 -> range: 93056
device: 0x7b7cb0 kernel from: 279168 to: 371968 -> range: 92800
device: 0x7bfcf0 duration: 0.0397496
device: 0x7b7cb0 duration: 0.0405871
device: 0x7c0730 duration: 0.0417085
device: 0x7bf4f0 duration: 0.0412058
duration mult ocl mod: 0.0506379
device: GeForce GTX 1080 Ti (0x7c0730)  kernel from: 0 to: 12928 -> range: 12928 (with blocking: 12928)
device: GeForce GTX 1080 Ti (0x7b7cb0)  kernel from: 38784 to: 51328 -> range: 12544 (with blocking: 12544)
device: GeForce GTX 1080 Ti (0x7bf4f0)  kernel from: 12928 to: 25856 -> range: 12928 (with blocking: 12928)
device: GeForce GTX 1080 Ti (0x7bfcf0)  kernel from: 25856 to: 38784 -> range: 12928 (with blocking: 12928)
device: 0x7c0730 duration: 0.0237157
device: 0x7b7cb0 duration: 0.0237527
device: 0x7bfcf0 duration: 0.0241213
device: 0x7bf4f0 duration: 0.0241888
duration multTranspose ocl mod: 0.0357738
device: 0x7bf4f0 kernel from: 0 to: 93056 -> range: 93056
device: 0x7c0730 kernel from: 93056 to: 186112 -> range: 93056
device: 0x7bfcf0 kernel from: 186112 to: 279168 -> range: 93056
device: 0x7b7cb0 kernel from: 279168 to: 371968 -> range: 92800
device: 0x7bfcf0 duration: 0.0397444
device: 0x7b7cb0 duration: 0.0405985
device: 0x7bf4f0 duration: 0.0411843
device: 0x7c0730 duration: 0.0417229
duration mult ocl mod: 0.0473303
device: GeForce GTX 1080 Ti (0x7c0730)  kernel from: 0 to: 12928 -> range: 12928 (with blocking: 12928)
device: GeForce GTX 1080 Ti (0x7bf4f0)  kernel from: 12928 to: 25856 -> range: 12928 (with blocking: 12928)
device: GeForce GTX 1080 Ti (0x7b7cb0)  kernel from: 38784 to: 51328 -> range: 12544 (with blocking: 12544)
device: GeForce GTX 1080 Ti (0x7bfcf0)  kernel from: 25856 to: 38784 -> range: 12928 (with blocking: 12928)
device: 0x7b7cb0 duration: 0.0237629
device: 0x7c0730 duration: 0.0237158
device: 0x7bfcf0 duration: 0.024106
device: 0x7bf4f0 duration: 0.0241478
duration multTranspose ocl mod: 0.0333281
device: 0x7b7cb0 kernel from: 0 to: 93056 -> range: 93056
device: 0x7bfcf0 kernel from: 93056 to: 186112 -> range: 93056
device: 0x7c0730 kernel from: 186112 to: 279168 -> range: 93056
device: 0x7bf4f0 kernel from: 279168 to: 371968 -> range: 92800
device: 0x7bfcf0 duration: 0.0397261
device: 0x7b7cb0 duration: 0.0405852
device: 0x7bf4f0 duration: 0.0411873
device: 0x7c0730 duration: 0.0417188
duration mult ocl mod: 0.0492593
device: GeForce GTX 1080 Ti (0x7c0730)  kernel from: 0 to: 12928 -> range: 12928 (with blocking: 12928)
device: GeForce GTX 1080 Ti (0x7b7cb0)  kernel from: 25856 to: 38784 -> range: 12928 (with blocking: 12928)
device: GeForce GTX 1080 Ti (0x7bfcf0)  kernel from: 38784 to: 51328 -> range: 12544 (with blocking: 12544)
device: GeForce GTX 1080 Ti (0x7bf4f0)  kernel from: 12928 to: 25856 -> range: 12928 (with blocking: 12928)
device: 0x7b7cb0 duration: 0.0238377
device: 0x7c0730 duration: 0.0237609
device: 0x7bfcf0 duration: 0.0241132
device: 0x7bf4f0 duration: 0.0241592
duration multTranspose ocl mod: 0.0391436
device: 0x7bf4f0 kernel from: 0 to: 93056 -> range: 93056
device: 0x7c0730 kernel from: 93056 to: 186112 -> range: 93056
device: 0x7bfcf0 kernel from: 186112 to: 279168 -> range: 93056
device: 0x7b7cb0 kernel from: 279168 to: 371968 -> range: 92800
device: 0x7b7cb0 duration: 0.0406036
device: 0x7bf4f0 duration: device: 0.0412017
0x7bfcf0 duration: 0.0411935
device: 0x7c0730 duration: 0.0417556
duration mult ocl mod: 0.0504846
device: GeForce GTX 1080 Ti (0x7bfcf0)  kernel from: 0 to: 12928 -> range: 12928 (with blocking: 12928)
device: GeForce GTX 1080 Ti (0x7bf4f0)  kernel from: 12928 to: 25856 -> range: 12928 (with blocking: 12928)
device: GeForce GTX 1080 Ti (0x7c0730)  kernel from: 25856 to: 38784 -> range: 12928 (with blocking: 12928)
device: GeForce GTX 1080 Ti (0x7b7cb0)  kernel from: 38784 to: 51328 -> range: 12544 (with blocking: 12544)
device: 0x7c0730 duration: 0.0237241
device: 0x7bf4f0 duration: 0.0241674
device: 0x7bfcf0 duration: 0.0241213
device: 0x7b7cb0 duration: 0.0237037
duration multTranspose ocl mod: 0.0361165
device: 0x7b7cb0 kernel from: 0 to: 93056 -> range: 93056
device: 0x7c0730 kernel from: 93056 to: 186112 -> range: 93056
device: 0x7bf4f0 kernel from: 186112 to: 279168 -> range: 93056
device: 0x7bfcf0 kernel from: 279168 to: 371968 -> range: 92800
device: 0x7bfcf0 duration: 0.0397425
device: 0x7b7cb0 duration: device: 0x7bf4f0 duration: 0.0405892
0.0412047
device: 0x7c0730 duration: 0.0417331
duration mult ocl mod: 0.050092
device: GeForce GTX 1080 Ti (0x7bfcf0)  kernel from: 0 to: 12928 -> range: 12928 (with blocking: 12928)
device: GeForce GTX 1080 Ti (0x7b7cb0)  kernel from: 25856 to: 38784 -> range: 12928 (with blocking: 12928)
device: GeForce GTX 1080 Ti (0x7c0730)  kernel from: 38784 to: 51328 -> range: 12544 (with blocking: 12544)
device: GeForce GTX 1080 Ti (0x7bf4f0)  kernel from: 12928 to: 25856 -> range: 12928 (with blocking: 12928)
device: 0x7c0730 duration: 0.0236442
device: 0x7b7cb0 duration: 0.0238326
device: 0x7bf4f0 duration: 0.0241633
device: 0x7bfcf0 duration: 0.0241551
duration multTranspose ocl mod: 0.0372512
device: 0x7c0730 kernel from: 0 to: 93056 -> range: 93056
device: 0x7bfcf0 kernel from: 93056 to: 186112 -> range: 93056
device: 0x7bf4f0 kernel from: 186112 to: 279168 -> range: 93056
device: 0x7b7cb0 kernel from: 279168 to: 371968 -> range: 92800
device: 0x7bfcf0 duration: 0.0397251
device: 0x7bf4f0 duration: device: 0x7c0730 duration: 0.0411679
0.0417372
device: 0x7b7cb0 duration: 0.0405914
duration mult ocl mod: 0.0512219
device: GeForce GTX 1080 Ti (0x7bfcf0)  kernel from: 0 to: 12928 -> range: 12928 (with blocking: 12928)
device: GeForce GTX 1080 Ti (0x7b7cb0)  kernel from: 25856 to: 38784 -> range: 12928 (with blocking: 12928)
device: GeForce GTX 1080 Ti (0x7bf4f0)  kernel from: 38784 to: 51328 -> range: 12544 (with blocking: 12544)
device: GeForce GTX 1080 Ti (0x7c0730)  kernel from: 12928 to: 25856 -> range: 12928 (with blocking: 12928)
device: 0x7c0730 duration: 0.0238295
device: 0x7b7cb0 duration: 0.0237855
device: device: 0x7bfcf00x7bf4f0 duration:  duration: 0.02415310.0242851

duration multTranspose ocl mod: 0.0361616
device: 0x7bf4f0 kernel from: 0 to: 93056 -> range: 93056
device: 0x7bfcf0 kernel from: 93056 to: 186112 -> range: 93056
device: 0x7c0730 kernel from: 186112 to: 279168 -> range: 93056
device: 0x7b7cb0 kernel from: 279168 to: 371968 -> range: 92800
device: 0x7bfcf0 duration: 0.0397251
device: 0x7b7cb0 duration: 0.0405831
device: 0x7bf4f0 duration: 0.0411904
device: 0x7c0730 duration: 0.0417546
duration mult ocl mod: 0.0481137
device: GeForce GTX 1080 Ti (0x7bf4f0)  kernel from: 0 to: 12928 -> range: 12928 (with blocking: 12928)
device: GeForce GTX 1080 Ti (0x7b7cb0)  kernel from: 12928 to: 25856 -> range: 12928 (with blocking: 12928)
device: GeForce GTX 1080 Ti (0x7c0730)  kernel from: 25856 to: 38784 -> range: 12928 (with blocking: 12928)
device: GeForce GTX 1080 Ti (0x7bfcf0)  kernel from: 38784 to: 51328 -> range: 12544 (with blocking: 12544)
device: 0x7c0730 duration: 0.0237373
device: 0x7b7cb0 duration: 0.0238181
device: 0x7bfcf0 duration: 0.0241234
device: 0x7bf4f0 duration: 0.0241183
duration multTranspose ocl mod: 0.0360984
device: 0x7bfcf0 kernel from: 0 to: 93056 -> range: 93056
device: 0x7c0730 kernel from: 93056 to: 186112 -> range: 93056
device: 0x7b7cb0 kernel from: 186112 to: 279168 -> range: 93056
device: 0x7bf4f0 kernel from: 279168 to: 371968 -> range: 92800
device: 0x7bfcf0 duration: 0.0411832
device: 0x7b7cb0 duration: 0.0405904
device: 0x7bf4f0 duration: 0.0411894
device: 0x7c0730 duration: 0.0417444
duration mult ocl mod: 0.0502171
device: GeForce GTX 1080 Ti (0x7bf4f0)  kernel from: 0 to: 12928 -> range: 12928 (with blocking: 12928)
device: GeForce GTX 1080 Ti (0x7c0730)  kernel from: 12928 to: 25856 -> range: 12928 (with blocking: 12928)
device: GeForce GTX 1080 Ti (0x7bfcf0)  kernel from: 25856 to: 38784 -> range: 12928 (with blocking: 12928)
device: GeForce GTX 1080 Ti (0x7b7cb0)  kernel from: 38784 to: 51328 -> range: 12544 (with blocking: 12544)
device: 0x7bf4f0 duration: 0.0241408
device: 0x7c0730 duration: 0.023679
device: 0x7bfcf0 duration: 0.024149
device: 0x7b7cb0 duration: 0.0237915
duration multTranspose ocl mod: 0.037074
device: 0x7c0730 kernel from: 0 to: 93056 -> range: 93056
device: 0x7bf4f0 kernel from: 93056 to: 186112 -> range: 93056
device: 0x7bfcf0 kernel from: 186112 to: 279168 -> range: 93056
device: 0x7b7cb0 kernel from: 279168 to: 371968 -> range: 92800
device: 0x7bfcf0 duration: 0.0397353
device: 0x7b7cb0 duration: 0.0406067
device: 0x7bf4f0 duration: 0.0412109
device: 0x7c0730 duration: 0.0417341
duration mult ocl mod: 0.0507229
device: GeForce GTX 1080 Ti (0x7bfcf0)  kernel from: 0 to: 12928 -> range: 12928 (with blocking: 12928)
device: GeForce GTX 1080 Ti (0x7bf4f0)  kernel from: 25856 to: 38784 -> range: 12928 (with blocking: 12928)
device: GeForce GTX 1080 Ti (0x7c0730)  kernel from: 12928 to: 25856 -> range: 12928 (with blocking: 12928)
device: GeForce GTX 1080 Ti (0x7b7cb0)  kernel from: 38784 to: 51328 -> range: 12544 (with blocking: 12544)
device: 0x7c0730 duration: 0.0236646
device: 0x7b7cb0 duration: 0.0237056
device: 0x7bfcf0 duration: 0.0241326
device: 0x7bf4f0 duration: 0.02419
duration multTranspose ocl mod: 0.0338484
device: 0x7c0730 kernel from: 0 to: 93056 -> range: 93056
device: 0x7bfcf0 kernel from: 93056 to: 186112 -> range: 93056
device: 0x7bf4f0 kernel from: 186112 to: 279168 -> range: 93056
device: 0x7b7cb0 kernel from: 279168 to: 371968 -> range: 92800
device: 0x7bfcf0 duration: 0.0383293
device: 0x7bf4f0 duration: 0.0411853
device: 0x7b7cb0 duration: 0.0405985
device: 0x7c0730 duration: 0.04173
duration mult ocl mod: 0.0478723
device: GeForce GTX 1080 Ti (0x7c0730)  kernel from: 0 to: 12928 -> range: 12928 (with blocking: 12928)
device: GeForce GTX 1080 Ti (0x7bf4f0)  kernel from: 12928 to: 25856 -> range: 12928 (with blocking: 12928)
device: GeForce GTX 1080 Ti (0x7b7cb0)  kernel from: 38784 to: 51328 -> range: 12544 (with blocking: 12544)
device: GeForce GTX 1080 Ti (0x7bfcf0)  kernel from: 25856 to: 38784 -> range: 12928 (with blocking: 12928)
device: 0x7c0730 duration: 0.023637
device: 0x7b7cb0 duration: 0.0237802
device: device: 0x7bfcf0 duration: 0x7bf4f0 duration: 0.0241213
0.0242309
duration multTranspose ocl mod: 0.0336209
device: 0x7b7cb0 kernel from: 0 to: 93056 -> range: 93056
device: 0x7bfcf0 kernel from: 93056 to: 186112 -> range: 93056
device: 0x7c0730 kernel from: 186112 to: 279168 -> range: 93056
device: 0x7bf4f0 kernel from: 279168 to: 371968 -> range: 92800
device: 0x7bfcf0 duration: 0.0397507
device: device: 0x7c0730 duration: 8123632 duration: 0.04118730.0417423

device: 0x7b7cb0 duration: 0.0420168
duration mult ocl mod: 0.0511191
device: GeForce GTX 1080 Ti (0x7bf4f0)  kernel from: 0 to: 0x3280 -> range: 0x3280 (with blocking: 0x3280)
device: GeForce GTX 1080 Ti (0x7bfcf0)  kernel from: 0x9780 to: 0xc880 -> range: 0x3100 (with blocking: 0x3100)
device: GeForce GTX 1080 Ti (0x7b7cb0)  kernel from: 0x6500 to: 0x9780 -> range: 0x3280 (with blocking: 0x3280)
device: GeForce GTX 1080 Ti (0x7c0730)  kernel from: 0x3280 to: 0x6500 -> range: 0x3280 (with blocking: 0x3280)
device: 0x7c0730 duration: 0.0237065
device: 0x7bf4f0 duration: 0.02415
device: 0x7bfcf0 duration: 0.0241572
device: 0x7b7cb0 duration: 0.02385
duration multTranspose ocl mod: 0.0358911
device: 0x7b7cb0 kernel from: 0 to: 0x16b80 -> range: 0x16b80
device: 0x7bf4f0 kernel from: 0x16b80 to: 0x2d700 -> range: 0x16b80
device: 0x7bfcf0 kernel from: 0x2d700 to: 0x44280 -> range: 0x16b80
device: 0x7c0730 kernel from: 0x44280 to: 0x5ad00 -> range: 0x16a80
device: 0x7bfcf0 duration: 0.0397302
device: 0x7b7cb0 duration: 0.0406211
device: 0x7bf4f0 duration: 0.0411874
device: 0x7c0730 duration: 0.0417485
duration mult ocl mod: 0.0506766
device: GeForce GTX 1080 Ti (0x7bf4f0)  kernel from: 0 to: 0x3280 -> range: 0x3280 (with blocking: 0x3280)
device: GeForce GTX 1080 Ti (0x7b7cb0)  kernel from: 0x6500 to: 0x9780 -> range: 0x3280 (with blocking: 0x3280)
device: GeForce GTX 1080 Ti (0x7bfcf0)  kernel from: 0x3280 to: 0x6500 -> range: 0x3280 (with blocking: 0x3280)
device: GeForce GTX 1080 Ti (0x7c0730)  kernel from: 0x9780 to: 0xc880 -> range: 0x3100 (with blocking: 0x3100)
device: 0x7bfcf0 duration: 0.0241234
device: 0x7bf4f0 duration: 0.0241366
device: 0x7b7cb0 duration: 0.0238254
device: 0x7c0730 duration: 0.0237157
duration multTranspose ocl mod: 0.0391401
device: 0x7b7cb0 kernel from: 0 to: 0x16b80 -> range: 0x16b80
device: 0x7c0730 kernel from: 0x16b80 to: 0x2d700 -> range: 0x16b80
device: 0x7bfcf0 kernel from: 0x2d700 to: 0x44280 -> range: 0x16b80
device: 0x7bf4f0 kernel from: 0x44280 to: 0x5ad00 -> range: 0x16a80
device: 0x7b7cb0 duration: 0.0405942
device: 0x7bf4f0 duration: 0.0397332
device: 0x7bfcf0 duration: 0.0412047
device: 0x7c0730 duration: 0.0417636
duration mult ocl mod: 0.0519844
device: GeForce GTX 1080 Ti (0x7b7cb0)  kernel from: 0 to: 0x3280 -> range: 0x3280 (with blocking: 0x3280)
device: GeForce GTX 1080 Ti (0x7c0730)  kernel from: 0x6500 to: 0x9780 -> range: 0x3280 (with blocking: 0x3280)
device: GeForce GTX 1080 Ti (0x7bf4f0)  kernel from: 0x9780 to: 0xc880 -> range: 0x3100 (with blocking: 0x3100)
device: GeForce GTX 1080 Ti (0x7bfcf0)  kernel from: 0x3280 to: 0x6500 -> range: 0x3280 (with blocking: 0x3280)
device: 0x7bfcf0 duration: 0.0241234
device: 0x7bf4f0 duration: 0.0240998
device: 0x7c0730 duration: 0.0236707
device: 0x7b7cb0 duration: 0.0237917
duration multTranspose ocl mod: 0.0422458
device: 0x7bfcf0 kernel from: 0 to: 0x16b80 -> range: 0x16b80
device: 0x7b7cb0 kernel from: 0x16b80 to: 0x2d700 -> range: 0x16b80
device: 0x7c0730 kernel from: 0x2d700 to: 0x44280 -> range: 0x16b80
device: 0x7bf4f0 kernel from: 0x44280 to: 0x5ad00 -> range: 0x16a80
device: 0x7bfcf0 duration: 0.0397516
device: 0x7bf4f0 duration: 0.0397752
device: 0x7b7cb0 duration: 0.0405974
device: 0x7c0730 duration: 0.0417299
duration mult ocl mod: 0.0481741
device: GeForce GTX 1080 Ti (0x7bfcf0)  kernel from: 0 to: 0x3280 -> range: 0x3280 (with blocking: 0x3280)
device: GeForce GTX 1080 Ti (0x7b7cb0)  kernel from: 0x6500 to: 0x9780 -> range: 0x3280 (with blocking: 0x3280)
device: GeForce GTX 1080 Ti (0x7c0730)  kernel from: 0x9780 to: 0xc880 -> range: 0x3100 (with blocking: 0x3100)
device: GeForce GTX 1080 Ti (0x7bf4f0)  kernel from: 0x3280 to: 0x6500 -> range: 0x3280 (with blocking: 0x3280)
device: 0x7c0730 duration: 0.0236339
device: 0x7b7cb0 duration: 0.0238019
device: device: 0x7bf4f0 duration: 0x7bfcf0 duration: 0.0241378
0.0241345
duration multTranspose ocl mod: 0.0364099
device: 0x7b7cb0 kernel from: 0 to: 0x16b80 -> range: 0x16b80
device: 0x7bf4f0 kernel from: 0x16b80 to: 0x2d700 -> range: 0x16b80
device: 0x7bfcf0 kernel from: 0x2d700 to: 0x44280 -> range: 0x16b80
