./datadriven/examplesOCL/regression_cmd --trainingFileName ../../DissertationCodeGTX/datasets/DR5/DR5_nowarnings_less05_train.arff --testFileName ../../DissertationCodeGTX/datasets/DR5/DR5_nowarnings_less05_test.arff --learnerMode LEARNTEST --grid.level 10 --lambda 1E-5 --grid.type ModLinear --verbose true --additionalConfig results_diss/DR5_scaling_ocl_float_gtx1080ti_5.cfg --operation.type STREAMING --operation.subType OCLMASKMP --solverFinal.maxIterations 500 --solverFinal.eps 0 --isRegression true --adaptConfig.support_refinement_min_support 500 --adaptConfig.support_refinement_ocl_config results_diss/DR5_scaling_ocl_float_gtx1080ti_5.cfg --adaptConfig.use_support_refinement --do_dummy_ocl_init
OCL Info: 2 OpenCL platforms have been found
OCL Info: detected platform, name: "Intel(R) OpenCL"
OCL Info: detected platform vendor name: "Intel(R) Corporation"
OCL Info: platform not configured, skipping...
OCL Info: detected platform, name: "NVIDIA CUDA"
OCL Info: detected platform vendor name: "NVIDIA Corporation"
OCL Info: using platform, name: "NVIDIA CUDA"
OCL Info: platform device count: 8
OCL Info: detected device, name: "GeForce GTX 1080 Ti"
OCL Info: using device, name: "GeForce GTX 1080 Ti"
OCL Info: detected device, name: "GeForce GTX 1080 Ti"
OCL Info: using device, name: "GeForce GTX 1080 Ti"
OCL Info: detected device, name: "GeForce GTX 1080 Ti"
OCL Info: using device, name: "GeForce GTX 1080 Ti"
OCL Info: detected device, name: "GeForce GTX 1080 Ti"
OCL Info: using device, name: "GeForce GTX 1080 Ti"
OCL Info: detected device, name: "GeForce GTX 1080 Ti"
OCL Info: using device, name: "GeForce GTX 1080 Ti"
OCL Info: detected device, name: "GeForce GTX 1080 Ti"
OCL Info: detected device, name: "GeForce GTX 1080 Ti"
OCL Info: detected device, name: "GeForce GTX 1080 Ti"
ocl dummy initalization duration: 7.91634
instances: 371908
support_refinement_min_support: 500
OCL Info: 2 OpenCL platforms have been found
OCL Info: detected platform, name: "Intel(R) OpenCL"
OCL Info: detected platform vendor name: "Intel(R) Corporation"
OCL Info: platform not configured, skipping...
OCL Info: detected platform, name: "NVIDIA CUDA"
OCL Info: detected platform vendor name: "NVIDIA Corporation"
OCL Info: using platform, name: "NVIDIA CUDA"
OCL Info: platform device count: 8
OCL Info: detected device, name: "GeForce GTX 1080 Ti"
OCL Info: using device, name: "GeForce GTX 1080 Ti"
OCL Info: detected device, name: "GeForce GTX 1080 Ti"
OCL Info: using device, name: "GeForce GTX 1080 Ti"
OCL Info: detected device, name: "GeForce GTX 1080 Ti"
OCL Info: using device, name: "GeForce GTX 1080 Ti"
OCL Info: detected device, name: "GeForce GTX 1080 Ti"
OCL Info: using device, name: "GeForce GTX 1080 Ti"
OCL Info: detected device, name: "GeForce GTX 1080 Ti"
OCL Info: using device, name: "GeForce GTX 1080 Ti"
OCL Info: detected device, name: "GeForce GTX 1080 Ti"
OCL Info: detected device, name: "GeForce GTX 1080 Ti"
OCL Info: detected device, name: "GeForce GTX 1080 Ti"
ocl_init_duration: 1.56496
building kernel: verify_support
building with optimization flags: 
--- Build Log ---


building with optimization flags: 
--- Build Log ---


building with optimization flags: 
--- Build Log ---


building with optimization flags: 
--- Build Log ---


building with optimization flags: 
--- Build Log ---


num_candidates: 1
num_candidates: 1 block_size: 128 num_candidates_per_device: 0
device: 4 range_padded: 128 range_start: 0 range_end: 1
duration (s): 0.297572
candidates with support: 1
num_candidates: 10
num_candidates: 10 block_size: 128 num_candidates_per_device: 2
device: 4 range_padded: 128 range_start: 0 range_end: 10
duration (s): 0.257191
candidates with support: 10
num_candidates: 60
num_candidates: 60 block_size: 128 num_candidates_per_device: 12
device: 4 range_padded: 128 range_start: 0 range_end: 60
duration (s): 0.265652
candidates with support: 52
num_candidates: 236
num_candidates: 236 block_size: 128 num_candidates_per_device: 47
device: 4 range_padded: 256 range_start: 0 range_end: 236
duration (s): 0.265316
candidates with support: 181
num_candidates: 706
num_candidates: 706 block_size: 128 num_candidates_per_device: 141
device: 4 range_padded: 768 range_start: 0 range_end: 706
duration (s): 0.268298
candidates with support: 503
num_candidates: 1786
num_candidates: 1786 block_size: 128 num_candidates_per_device: 357
device: 4 range_padded: 1792 range_start: 0 range_end: 1786
duration (s): 0.271202
candidates with support: 1241
num_candidates: 4140
num_candidates: 4140 block_size: 128 num_candidates_per_device: 828
device: 0 range_padded: device: device: 4device: 2 range_padded: 896 range_start: 1656 range_end: 2484
 range_padded: 896 range_start: 3312 range_end: 4140
3 range_padded: 896 range_start: 2484 range_end: 3312
896 range_start: 0 range_end: 828
device: 1 range_padded: 896 range_start: 828 range_end: 1656
duration (s): 0.271441
duration (s): 0.318024
duration (s): 0.317061
duration (s): 0.32011
duration (s): 0.327606
candidates with support: 2886
num_candidates: 9216
num_candidates: 9216 block_size: 128 num_candidates_per_device: 1843
device: device: device: device: 32 range_padded: 4 range_padded: 1920 range_start: 7372 range_end: 9216
1920 range_start: 5529 range_end: 7372
1 range_padded: 1920 range_start: 1843 range_end: 3686
 range_padded: 1920 range_start: 3686 range_end: 5529
device: 0 range_padded: 1920 range_start: 0 range_end: 1843
duration (s): 0.27194
duration (s): 0.272353
duration (s): 0.267415
duration (s): 0.269937
duration (s): 0.268737
candidates with support: 6397
num_candidates: 19682
num_candidates: 19682 block_size: 128 num_candidates_per_device: 3936
device: 0 range_padded: 3968 range_start: 0device: device: device: 3 range_padded: 3968 range_start: 11808 range_end: 15744
4 range_padded: 3968 range_start: 15744 range_end: 19682
device: 1 range_padded: 3968 range_start: 3936 range_end: 7872
 range_end: 23936
 range_padded: 3968 range_start: 7872 range_end: 11808
duration (s): 0.27055
duration (s): 0.268965
duration (s): 0.2677
duration (s): 0.274854
duration (s): 0.285635
candidates with support: 13464
num_candidates: 40066
num_candidates: 40066 block_size: 128 num_candidates_per_device: 8013
device: 3 range_padded: 8064 range_start: 24039 range_end: 32052
device: device: 4 range_padded: 8064 range_start: 320521 range_padded:  range_end: 8064 range_start: 8013 range_end: 1602640066

device: 2 range_padded: 8064 range_start: 16026 range_end: 24039
device: 0 range_padded: 8064 range_start: 0 range_end: 8013
duration (s): 0.290658
duration (s): 0.284416
duration (s): 0.29327
duration (s): 0.295646
duration (s): 0.296378
candidates with support: 26558
datadriven refinement done, grid size: 51293
creating createOperationMultipleEval type: DEFAULT, using base operator factory
creating createOperationMultipleEval grid: ModLinear type: STREAMING subType: OCLMASKMP
OCL Info: 2 OpenCL platforms have been found
OCL Info: detected platform, name: "Intel(R) OpenCL"
OCL Info: detected platform vendor name: "Intel(R) Corporation"
OCL Info: detected platform, name: "NVIDIA CUDA"
OCL Info: detected platform vendor name: "NVIDIA Corporation"
OCL Info: using platform, name: "NVIDIA CUDA"
OCL Info: detected device, name: "GeForce GTX 1080 Ti"
OCL Info: using device, name: "GeForce GTX 1080 Ti"
OCL Info: detected device, name: "GeForce GTX 1080 Ti"
OCL Info: using device, name: "GeForce GTX 1080 Ti"
OCL Info: detected device, name: "GeForce GTX 1080 Ti"
OCL Info: using device, name: "GeForce GTX 1080 Ti"
OCL Info: detected device, name: "GeForce GTX 1080 Ti"
OCL Info: using device, name: "GeForce GTX 1080 Ti"
OCL Info: detected device, name: "GeForce GTX 1080 Ti"
OCL Info: using device, name: "GeForce GTX 1080 Ti"
OCL Info: detected device, name: "GeForce GTX 1080 Ti"
OCL Info: detected device, name: "GeForce GTX 1080 Ti"
OCL Info: detected device, name: "GeForce GTX 1080 Ti"
Starting Learning....

Doing refinement: 0
Grid Size: 51293
building with optimization flags: 
building with optimization flags: 
building with optimization flags: 
building with optimization flags: 
building with optimization flags: 
--- Begin Build Log ---


--- End Build Log ---
device: GeForce GTX 1080 Ti (0x16d3730)  kernel from: 0 to: 10368 -> range: 10368 (with blocking: 10368)
--- Begin Build Log ---


--- End Build Log ---
device: GeForce GTX 1080 Ti (0x16d2cf0)  kernel from: 10368 to: 20736 -> range: 10368 (with blocking: 10368)
--- Begin Build Log ---


--- End Build Log ---
device: GeForce GTX 1080 Ti (0x16d34f0)  kernel from: 20736 to: 31104 -> range: 10368 (with blocking: 10368)
--- Begin Build Log ---


--- End Build Log ---
device: GeForce GTX 1080 Ti (0x16cacb0)  kernel from: 31104 to: 41472 -> range: 10368 (with blocking: 10368)
--- Begin Build Log ---


--- End Build Log ---
device: GeForce GTX 1080 Ti (0x16d24f0)  kernel from: 41472 to: 51328 -> range: 9856 (with blocking: 9856)
device: 0x16d2cf0 duration: 0.0192972
device: 0x16d3730 duration: 0.0189029
device: 0x16d24f0 duration: 0.019199
device: 0x16cacb0 duration: 0.0190802
device: 0x16d34f0 duration: 0.0190218
duration multTranspose ocl mod: 0.192208
building with optimization flags: 
building with optimization flags: 
building with optimization flags: 
building with optimization flags: 
building with optimization flags: 
--- Begin Build Log ---


--- End Build Log ---
--- Begin Build Log ---


--- End Build Log ---
--- Begin Build Log ---


--- End Build Log ---
--- Begin Build Log ---


--- End Build Log ---
--- Begin Build Log ---


--- End Build Log ---
device: 0x16cacb0 kernel from: 0 to: 74496 -> range: 74496
device: 0x16d3730 kernel from: 74496 to: 148992 -> range: 74496
device: 0x16d34f0 kernel from: 148992 to: 223488 -> range: 74496
device: 0x16d2cf0 kernel from: 223488 to: 297984 -> range: 74496
device: 0x16d24f0 kernel from: 297984 to: 371968 -> range: 73984
device: 0x16cacb0 duration: 0.0319877
device: 0x16d24f0 duration: device: 0x16d2cf0 duration: 0.03205620.0323553

device: 0x16d3730 duration: 0.0339589
device: 0x16d34f0 duration: 0.0348365
duration mult ocl mod: 0.180983
device: GeForce GTX 1080 Ti (0x16cacb0)  kernel from: 0 to: 10368 -> range: 10368 (with blocking: 10368)
device: GeForce GTX 1080 Ti (0x16d24f0)  kernel from: 10368 to: 20736 -> range: 10368 (with blocking: 10368)
device: GeForce GTX 1080 Ti (0x16d3730)  kernel from: 20736 to: 31104 -> range: 10368 (with blocking: 10368)
device: GeForce GTX 1080 Ti (0x16d2cf0)  kernel from: 31104 to: 41472 -> range: 10368 (with blocking: 10368)
device: GeForce GTX 1080 Ti (0x16d34f0)  kernel from: 41472 to: 51328 -> range: 9856 (with blocking: 9856)
device: 0x16d2cf0 duration: 0.0192922
device: 0x16d24f0 duration: 0.0192246
device: 0x16d3730 duration: 0.0188959
device: 0x16d34f0 duration: 0.0189727
device: 0x16cacb0 duration: 0.0190884
duration multTranspose ocl mod: 0.0496283
device: 0x16d24f0 kernel from: 0 to: 74496 -> range: 74496
device: 0x16d3730 kernel from: 74496 to: 148992 -> range: 74496
device: 0x16d2cf0 kernel from: 148992 to: 223488 -> range: 74496
device: 0x16d34f0 kernel from: 223488 to: 297984 -> range: 74496
device: 0x16cacb0 kernel from: 297984 to: 371968 -> range: 73984
device: 0x16d2cf0 duration: 0.0323789
device: 0x16cacb0 duration: 0.0319744
device: 0x16d34f0 duration: 0.034815
device: 0x16d3730 duration: device: 0x16d24f0 duration: 0.0332790.0328387

duration mult ocl mod: 0.0443818
device: GeForce GTX 1080 Ti (0x16d2cf0)  kernel from: 0 to: 10368 -> range: 10368 (with blocking: 10368)
device: GeForce GTX 1080 Ti (0x16d3730)  kernel from: 31104 to: 41472 -> range: 10368 (with blocking: 10368)
device: GeForce GTX 1080 Ti (0x16d34f0)  kernel from: 10368 to: 20736 -> range: 10368 (with blocking: 10368)
device: GeForce GTX 1080 Ti (0x16cacb0)  kernel from: 41472 to: 51328 -> range: 9856 (with blocking: 9856)
device: GeForce GTX 1080 Ti (0x16d24f0)  kernel from: 20736 to: 31104 -> range: 10368 (with blocking: 10368)
device: 0x16d3730 duration: 0.0188836
device: 0x16d34f0 duration: 0.0190054
device: 0x16d24f0 duration: 0.019242
device: 0x16d2cf0 duration: 0.0192604
device: 0x16cacb0 duration: 0.0190279
duration multTranspose ocl mod: 0.0389363
device: 0x16d24f0 kernel from: 0 to: 74496 -> range: 74496
device: 0x16d3730 kernel from: 74496 to: 148992 -> range: 74496
device: 0x16cacb0 kernel from: 148992 to: 223488 -> range: 74496
device: 0x16d2cf0 kernel from: 223488 to: 297984 -> range: 74496
device: 0x16d34f0 kernel from: 297984 to: 371968 -> range: 73984
device: 0x16cacb0 duration: 0.032002
device: 0x16d34f0 duration: 0.0319191
device: 0x16d2cf0 duration: 0.032382
device: 0x16d24f0 duration: 0.03354
device: 0x16d3730 duration: 0.0338391
duration mult ocl mod: 0.0444393
device: GeForce GTX 1080 Ti (0x16d24f0)  kernel from: 0 to: 10368 -> range: 10368 (with blocking: 10368)
device: GeForce GTX 1080 Ti (0x16d34f0)  kernel from: 41472 to: 51328 -> range: 9856 (with blocking: 9856)
device: GeForce GTX 1080 Ti (0x16cacb0)  kernel from: 31104 to: 41472 -> range: 10368 (with blocking: 10368)
device: GeForce GTX 1080 Ti (0x16d3730)  kernel from: 10368 to: 20736 -> range: 10368 (with blocking: 10368)
device: GeForce GTX 1080 Ti (0x16d2cf0)  kernel from: 20736 to: 31104 -> range: 10368 (with blocking: 10368)
device: 0x16d34f0 duration: device: 0x16d3730 duration: 0.0189819
0.0188795
device: 0x16d24f0 duration: 0.0192225
device: 0x16cacb0 duration: 0.0190699
device: 0x16d2cf0 duration: 0.0193188
duration multTranspose ocl mod: 0.0350056
device: 0x16d2cf0 kernel from: 0 to: 74496 -> range: 74496
device: 0x16d3730 kernel from: 74496 to: 148992 -> range: 74496
device: 0x16d24f0 kernel from: 148992 to: 223488 -> range: 74496
device: 0x16d34f0 kernel from: 223488 to: 297984 -> range: 74496
device: 0x16cacb0 kernel from: 297984 to: 371968 -> range: 73984
device: 0x16d24f0 duration: 0.0323758
device: 0x16d2cf0 duration: 0.0323645
device: 0x16cacb0 duration: 0.0319816
device: 0x16d3730 duration: 0.0338934
device: 0x16d34f0 duration: 0.0339784
duration mult ocl mod: 0.0418302
device: GeForce GTX 1080 Ti (0x16d34f0)  kernel from: 0 to: 10368 -> range: 10368 (with blocking: 10368)
device: GeForce GTX 1080 Ti (0x16cacb0)  kernel from: 31104 to: 41472 -> range: 10368 (with blocking: 10368)
device: GeForce GTX 1080 Ti (0x16d24f0)  kernel from: 10368 to: 20736 -> range: 10368 (with blocking: 10368)
device: GeForce GTX 1080 Ti (0x16d2cf0)  kernel from: 41472 to: 51328 -> range: 9856 (with blocking: 9856)
device: GeForce GTX 1080 Ti (0x16d3730)  kernel from: 20736 to: 31104 -> range: 10368 (with blocking: 10368)
device: 0x16cacb0 duration: 0.0190822
device: 0x16d2cf0 duration: 0.0193187
device: 0x16d3730 duration: 0.018905
device: 0x16d34f0 duration: 0.0189993
device: 0x16d24f0 duration: 0.0192389
duration multTranspose ocl mod: 0.0326823
device: 0x16d34f0 kernel from: 0 to: 74496 -> range: 74496
device: 0x16d2cf0 kernel from: 74496 to: 148992 -> range: 74496
device: 0x16d3730 kernel from: 148992 to: 223488 -> range: 74496
device: 0x16d24f0 kernel from: 223488 to: 297984 -> range: 74496
device: 0x16cacb0 kernel from: 297984 to: 371968 -> range: 73984
device: 0x16d24f0 duration: 0.0323502
device: 0x16d2cf0 duration: 0.0323523
device: 0x16d34f0 duration: 0.0328366
device: 0x16cacb0 duration: 0.0319754
device: 0x16d3730 duration: 0.0327117
duration mult ocl mod: 0.0390784
device: GeForce GTX 1080 Ti (0x16d2cf0)  kernel from: 0 to: 10368 -> range: 10368 (with blocking: 10368)
device: GeForce GTX 1080 Ti (0x16cacb0)  kernel from: 31104 to: 41472 -> range: 10368 (with blocking: 10368)
device: GeForce GTX 1080 Ti (0x16d34f0)  kernel from: 10368 to: 20736 -> range: 10368 (with blocking: 10368)
device: GeForce GTX 1080 Ti (0x16d24f0)  kernel from: 20736 to: 31104 -> range: 10368 (with blocking: 10368)
device: GeForce GTX 1080 Ti (0x16d3730)  kernel from: 41472 to: 51328 -> range: 9856 (with blocking: 9856)
device: 0x16d2cf0 duration: 0.0192788
device: 0x16d24f0 duration: 0.0192286
device: device: 0x16d3730 duration: 0x16d34f0 duration: 0.01888670.0190126

device: 0x16cacb0 duration: 0.0191048
duration multTranspose ocl mod: 0.038266
device: 0x16cacb0 kernel from: 0 to: 74496 -> range: 74496
device: 0x16d2cf0 kernel from: 74496 to: 148992 -> range: 74496
device: 0x16d34f0 kernel from: 148992 to: 223488 -> range: 74496
device: 0x16d3730 kernel from: 223488 to: 297984 -> range: 74496
device: 0x16d24f0 kernel from: 297984 to: 371968 -> range: 73984
device: 0x16cacb0 duration: 0.031999
device: 0x16d2cf0 duration: 0.0323727
device: 0x16d34f0 duration: 0.0328161
device: 0x16d3730 duration: 0.0327607
device: 0x16d24f0 duration: 0.0323511
duration mult ocl mod: 0.047887
device: GeForce GTX 1080 Ti (0x16d2cf0)  kernel from: 10368 to: 20736 -> range: 10368 (with blocking: 10368)
device: GeForce GTX 1080 Ti (0x16d24f0)  kernel from: 20736 to: 31104 -> range: 10368 (with blocking: 10368)
device: GeForce GTX 1080 Ti (0x16d3730)  kernel from: 31104 to: 41472 -> range: 10368 (with blocking: 10368)
device: GeForce GTX 1080 Ti (0x16cacb0)  kernel from: 41472 to: 51328 -> range: 9856 (with blocking: 9856)
device: GeForce GTX 1080 Ti (0x16d34f0)  kernel from: 0 to: 10368 -> range: 10368 (with blocking: 10368)
device: 0x16cacb0 duration: 0.0190852
device: 0x16d3730 duration: 0.0188814
device: 0x16d34f0 duration: 0.0190065
device: 0x16d24f0 duration: 0.0192522
device: 0x16d2cf0 duration: 0.019328
duration multTranspose ocl mod: 0.037349
device: 0x16d2cf0 kernel from: 0 to: 74496 -> range: 74496
device: 0x16cacb0 kernel from: 74496 to: 148992 -> range: 74496
device: 0x16d3730 kernel from: 148992 to: 223488 -> range: 74496
device: 0x16d34f0 kernel from: 223488 to: 297984 -> range: 74496
device: 0x16d24f0 kernel from: 297984 to: 371968 -> range: 73984
device: 0x16d24f0 duration: 0.0323411
device: 0x16cacb0 duration: 0.0319846
device: 0x16d2cf0 duration: 0.032382
device: 0x16d3730 duration: 0.0327793
device: 0x16d34f0 duration: 0.033748
duration mult ocl mod: 0.0420391
device: GeForce GTX 1080 Ti (0x16d34f0)  kernel from: 0 to: 10368 -> range: 10368 (with blocking: 10368)
device: GeForce GTX 1080 Ti (0x16d2cf0)  kernel from: 41472 to: 51328 -> range: 9856 (with blocking: 9856)
device: GeForce GTX 1080 Ti (0x16d24f0)  kernel from: 20736 to: 31104 -> range: 10368 (with blocking: 10368)
device: GeForce GTX 1080 Ti (0x16d3730)  kernel from: 10368 to: 20736 -> range: 10368 (with blocking: 10368)
device: GeForce GTX 1080 Ti (0x16cacb0)  kernel from: 31104 to: 41472 -> range: 10368 (with blocking: 10368)
device: 0x16cacb0 duration: 0.0190996
device: 0x16d34f0 duration: 0.0190065
device: 0x16d3730 duration: 0.0188948
device: 0x16d2cf0 duration: 0.0192696
device: 0x16d24f0 duration: 0.0192287
duration multTranspose ocl mod: 0.0380989
device: 0x16d34f0 kernel from: 0 to: 74496 -> range: 74496
device: 0x16d24f0 kernel from: 74496 to: 148992 -> range: 74496
device: 0x16d2cf0 kernel from: 148992 to: 223488 -> range: 74496
device: 0x16cacb0 kernel from: 223488 to: 297984 -> range: 74496
device: 0x16d3730 kernel from: 297984 to: 371968 -> range: 73984
device: 0x16d24f0 duration: 0.032343
device: 0x16cacb0 duration: 0.0319938
device: 0x16d2cf0 duration: 0.0323707
device: 0x16d3730 duration: 0.032769
device: 0x16d34f0 duration: 0.0338698
duration mult ocl mod: 0.0447175
device: GeForce GTX 1080 Ti (0x16d2cf0)  kernel from: 0 to: 10368 -> range: 10368 (with blocking: 10368)
device: GeForce GTX 1080 Ti (0x16d34f0)  kernel from: 10368 to: 20736 -> range: 10368 (with blocking: 10368)
device: GeForce GTX 1080 Ti (0x16d3730)  kernel from: 20736 to: 31104 -> range: 10368 (with blocking: 10368)
device: GeForce GTX 1080 Ti (0x16d24f0)  kernel from: 31104 to: 41472 -> range: 10368 (with blocking: 10368)
device: GeForce GTX 1080 Ti (0x16cacb0)  kernel from: 41472 to: 51328 -> range: 9856 (with blocking: 9856)
device: 0x16d2cf0 duration: 0.0192696
device: 0x16cacb0 duration: 0.0190505
device: 0x16d3730 duration: 0.0188652
device: 0x16d34f0 duration: 0.0190249
device: 0x16d24f0 duration: 0.0192533
duration multTranspose ocl mod: 0.0348096
device: 0x16d3730 kernel from: 0 to: 74496 -> range: 74496
device: 0x16cacb0 kernel from: 74496 to: 148992 -> range: 74496
device: 0x16d24f0 kernel from: 148992 to: 223488 -> range: 74496
device: 0x16d34f0 kernel from: 223488 to: 297984 -> range: 74496
device: 0x16d2cf0 kernel from: 297984 to: 371968 -> range: 73984
device: 0x16d24f0 duration: 0.0323574
device: 0x16d3730 duration: device: 0x16d2cf0 duration: 0.0327281
0.032341
device: 0x16cacb0 duration: 0.0328878
device: 0x16d34f0 duration: 0.0339732
duration mult ocl mod: 0.0436197
device: GeForce GTX 1080 Ti (0x16d24f0)  kernel from: 0 to: 10368 -> range: 10368 (with blocking: 10368)
device: GeForce GTX 1080 Ti (0x16d2cf0)  kernel from: 31104 to: 41472 -> range: 10368 (with blocking: 10368)
device: GeForce GTX 1080 Ti (0x16d3730)  kernel from: 41472 to: 51328 -> range: 9856 (with blocking: 9856)
device: GeForce GTX 1080 Ti (0x16d34f0)  kernel from: 10368 to: 20736 -> range: 10368 (with blocking: 10368)
device: GeForce GTX 1080 Ti (0x16cacb0)  kernel from: 20736 to: 31104 -> range: 10368 (with blocking: 10368)
device: 0x16d24f0 duration: 0.0192389
device: 0x16cacb0 duration: 0.0190659
device: 0x16d34f0 duration: 0.0190362
device: 0x16d2cf0 duration: 0.019285
device: 0x16d3730 duration: 0.0188732
duration multTranspose ocl mod: 0.036478
device: 0x16d34f0 kernel from: 0 to: 74496 -> range: 74496
device: device: 0x16d3730 kernel from: 0x12300 to: 0x24600 -> range: 0x123000x16d24f0
 kernel from: 148992 to: 223488 -> range: 74496
device: 0x16d2cf0 kernel from: 223488 to: 297984 -> range: 74496
device: 0x16cacb0 kernel from: 297984 to: 371968 -> range: 73984
device: 0x16cacb0 duration: 0.0319826
device: 0x16d24f0 duration: 0.0323554
device: 0x16d2cf0 duration: 0.032383
device: 0x16d3730 duration: 0.0329104
device: 0x16d34f0 duration: 0.0340961
duration mult ocl mod: 0.0438397
device: GeForce GTX 1080 Ti (0x16d24f0)  kernel from: 0 to: 10368 -> range: 10368 (with blocking: 10368)
device: GeForce GTX 1080 Ti (0x16d3730)  kernel from: 10368 to: 20736 -> range: 10368 (with blocking: 10368)
device: GeForce GTX 1080 Ti (0x16cacb0)  kernel from: 41472 to: 51328 -> range: 9856 (with blocking: 9856)
device: GeForce GTX 1080 Ti (0x16d34f0)  kernel from: 20736 to: 31104 -> range: 10368 (with blocking: 10368)
device: GeForce GTX 1080 Ti (0x16d2cf0)  kernel from: 31104 to: 41472 -> range: 10368 (with blocking: 10368)
device: 0x16d34f0 duration: 0.0189901
device: 0x16d3730 duration: 0.0188682
device: 0x16d24f0 duration: 0.0192184
device: 0x16cacb0 duration: 0.0190771
device: 0x16d2cf0 duration: 0.0192829
duration multTranspose ocl mod: 0.0358083
device: 0x16d24f0 kernel from: 0 to: 74496 -> range: 74496
device: 0x16d34f0 kernel from: 74496 to: 148992 -> range: 74496
device: 0x16d3730 kernel from: 148992device:  to: 0x369000x16cacb0 -> range:  kernel from: 74496223488 to: 297984 -> range: 74496

device: 0x16d2cf0 kernel from: 297984 to: 371968 -> range: 73984
device: 0x16cacb0 duration: 0.0319816
device: 0x16d24f0 duration: 0.0324065
device: 0x16d2cf0 duration: 0.0323471
device: 0x16d3730 duration: 0.0328366
device: 0x16d34f0 duration: 0.0327506
duration mult ocl mod: 0.0425852
device: GeForce GTX 1080 Ti (0x16d34f0)  kernel from: 0 to: 10368 -> range: 10368 (with blocking: 10368)
device: GeForce GTX 1080 Ti (0x16d3730)  kernel from: 31104 to: 41472 -> range: 10368 (with blocking: 10368)
device: GeForce GTX 1080 Ti (0x16d24f0)  kernel from: 10368 to: 20736 -> range: 10368 (with blocking: 10368)
device: GeForce GTX 1080 Ti (0x16d2cf0)  kernel from: 20736 to: 31104 -> range: 10368 (with blocking: 10368)
device: GeForce GTX 1080 Ti (0x16cacb0)  kernel from: 41472 to: 51328 -> range: 9856 (with blocking: 9856)
device: 0x16cacb0 duration: device: 0x16d3730 duration: 0.0190505
0.0189164
device: 0x16d34f0 duration: 0.018988
device: 0x16d24f0 duration: 0.0192369
device: 0x16d2cf0 duration: 0.019284
duration multTranspose ocl mod: 0.0319199
device: 0x16d24f0 kernel from: 0 to: 74496 -> range: 74496
device: 0x16d3730 kernel from: 74496 to: 148992 -> range: 74496
device: 0x16d34f0 kernel from: 148992 to: 223488 -> range: 74496
device: 0x16d2cf0 kernel from: 223488 to: 297984 -> range: 74496
device: 0x16cacb0 kernel from: 297984 to: 371968 -> range: 73984
device: 0x16d24f0 duration: 0.0323645
device: 0x16d3730 duration: device: 0x16cacb0 duration: 0.0327732
0.031999
device: 0x16d2cf0 duration: 0.0334172
device: 0x16d34f0 duration: 0.0338933
duration mult ocl mod: 0.043144
device: GeForce GTX 1080 Ti (0x16d24f0)  kernel from: 0 to: 10368 -> range: 10368 (with blocking: 10368)
device: GeForce GTX 1080 Ti (0x16d2cf0)  kernel from: 41472 to: 51328 -> range: 9856 (with blocking: 9856)
device: GeForce GTX 1080 Ti (0x16d34f0)  kernel from: 10368 to: 20736 -> range: 10368 (with blocking: 10368)
device: GeForce GTX 1080 Ti (0x16d3730)  kernel from: 20736 to: 31104 -> range: 10368 (with blocking: 10368)
device: GeForce GTX 1080 Ti (0x16cacb0)  kernel from: 31104 to: 41472 -> range: 10368 (with blocking: 10368)
device: 0x16d24f0 duration: 0.0192287
device: 0x16cacb0 duration: 0.0190598
device: 0x16d34f0 duration: 0.0190075
device: 0x16d3730 duration: 0.0188692
device: 0x16d2cf0 duration: 0.0193085
duration multTranspose ocl mod: 0.0350597
device: 0x16d24f0 kernel from: 0 to: 74496 -> range: 74496
device: 0x16cacb0 kernel from: 74496 to: 148992 -> range: 74496
device: 0x16d34f0 kernel from: 148992 to: 223488 -> range: 74496
device: 0x16d3730 kernel from: 223488 to: 297984 -> range: 74496
device: 0x16d2cf0 kernel from: 297984 to: 371968 -> range: 73984
device: 0x16d24f0 duration: 0.0323697
device: 0x16cacb0 duration: 0.0319959
device: 0x16d2cf0 duration: 0.0323564
device: 0x16d34f0 duration: 0.0340163
device: 0x16d3730 duration: 0.0339313
duration mult ocl mod: 0.0429728
device: GeForce GTX 1080 Ti (0x16d34f0)  kernel from: 0 to: 10368 -> range: 10368 (with blocking: 10368)
device: GeForce GTX 1080 Ti (0x16d3730)  kernel from: 41472 to: 51328 -> range: 9856 (with blocking: 9856)
device: GeForce GTX 1080 Ti (0x16d24f0)  kernel from: 20736 to: 31104 -> range: 10368 (with blocking: 10368)
device: GeForce GTX 1080 Ti (0x16d2cf0)  kernel from: 31104 to: 41472 -> range: 10368 (with blocking: 10368)
device: GeForce GTX 1080 Ti (0x16cacb0)  kernel from: 10368 to: 20736 -> range: 10368 (with blocking: 10368)
device: 0x16d34f0 duration: 0.018987
device: 0x16d3730 duration: 0.0188805
device: 0x16cacb0 duration: 0.0190689
device: 0x16d24f0 duration: 0.0192195
device: 0x16d2cf0 duration: 0.0193065
duration multTranspose ocl mod: 0.0375806
device: 0x16d24f0 kernel from: 0 to: 74496 -> range: 74496
device: 0x16d2cf0 kernel from: 74496 to: 148992 -> range: 74496
device: 0x16d34f0 kernel from: 148992 to: 223488 -> range: 74496
device: 0x16cacb0 kernel from: 223488 to: 297984 -> range: 74496
device: 0x16d3730 kernel from: 297984 to: 371968 -> range: 73984
device: 0x16d24f0 duration: 0.0323717
device: 0x16cacb0 duration: 0.0319908
device: 0x16d34f0 duration: 0.0328141
device: 0x16d3730 duration: 0.0327465
device: 0x16d2cf0 duration: 0.0334234
duration mult ocl mod: 0.0430473
device: GeForce GTX 1080 Ti (0x16d34f0)  kernel from: 10368 to: 20736 -> range: 10368 (with blocking: 10368)
device: GeForce GTX 1080 Ti (0x16d24f0)  kernel from: 20736 to: 31104 -> range: 10368 (with blocking: 10368)
device: GeForce GTX 1080 Ti (0x16d3730)  kernel from: 41472 to: 51328 -> range: 9856 (with blocking: 9856)
device: GeForce GTX 1080 Ti (0x16d2cf0)  kernel from: 0 to: 10368 -> range: 10368 (with blocking: 10368)
device: GeForce GTX 1080 Ti (0x16cacb0)  kernel from: 31104 to: 41472 -> range: 10368 (with blocking: 10368)
device: 0x16d3730 duration: 0.0188867
device: 0x16d34f0 duration: 0.0189809
device: 0x16cacb0 duration: 0.0190925
device: 0x16d24f0 duration: 0.019242
device: 0x16d2cf0 duration: 0.0193004
duration multTranspose ocl mod: 0.0290755
device: 0x16d3730 kernel from: 0 to: 74496 -> range: 74496
device: 0x16cacb0 kernel from: 74496 to: 148992 -> range: 74496
device: 0x16d34f0 kernel from: 148992 to: 223488 -> range: 74496
device: 0x16d24f0 kernel from: 223488 to: 297984 -> range: 74496
device: 0x16d2cf0 kernel from: 297984 to: 371968 -> range: 73984
device: 0x16cacb0 duration: 0.0320154
device: 0x16d24f0 duration: 0.0323472
device: 0x16d2cf0 duration: 0.0323492
device: 0x16d3730 duration: 0.0327864
device: 0x16d34f0 duration: 0.0338719
duration mult ocl mod: 0.0412135
device: GeForce GTX 1080 Ti (0x16d34f0)  kernel from: 0 to: 10368 -> range: 10368 (with blocking: 10368)
device: GeForce GTX 1080 Ti (0x16d2cf0)  kernel from: 41472 to: 51328 -> range: 9856 (with blocking: 9856)
device: GeForce GTX 1080 Ti (0x16cacb0)  kernel from: 20736 to: 31104 -> range: 10368 (with blocking: 10368)
device: GeForce GTX 1080 Ti (0x16d24f0)  kernel from: 10368 to: 20736 -> range: 10368 (with blocking: 10368)
device: GeForce GTX 1080 Ti (0x16d3730)  kernel from: 31104 to: 41472 -> range: 10368 (with blocking: 10368)
device: 0x16d3730 duration: 0.0188817
device: 0x16cacb0 duration: 0.019114
device: 0x16d2cf0 duration: 0.0192666
device: 0x16d34f0 duration: 0.0190147
device: 0x16d24f0 duration: 0.0192512
duration multTranspose ocl mod: 0.0317108
device: 0x16d2cf0 kernel from: 0 to: 74496 -> range: 74496
device: 0x16cacb0 kernel from: 74496 to: 148992 -> range: 74496
device: 0x16d24f0 kernel from: 148992 to: 223488 -> range: 74496
device: 0x16d34f0 kernel from: 223488 to: 297984 -> range: 74496
device: 0x16d3730 kernel from: 297984 to: 371968 -> range: 73984
device: 0x16cacb0 duration: 0.0319939
device: 0x16d2cf0 duration: device: 0x16d24f0 duration: 0.0323430.0323604

device: 0x16d34f0 duration: 0.0329114
device: 0x16d3730 duration: 0.0327013
duration mult ocl mod: 0.0401935
device: GeForce GTX 1080 Ti (0x16d2cf0)  kernel from: 0 to: 10368 -> range: 10368 (with blocking: 10368)
device: GeForce GTX 1080 Ti (0x16d34f0)  kernel from: 10368 to: 20736 -> range: 10368 (with blocking: 10368)
device: GeForce GTX 1080 Ti (0x16cacb0)  kernel from: 31104 to: 41472 -> range: 10368 (with blocking: 10368)
device: GeForce GTX 1080 Ti (0x16d3730)  kernel from: 41472 to: 51328 -> range: 9856 (with blocking: 9856)
device: GeForce GTX 1080 Ti (0x16d24f0)  kernel from: 20736 to: 31104 -> range: 10368 (with blocking: 10368)
device: 0x16d24f0 duration: 0.0192419
device: 0x16d3730 duration: 0.0188867
device: 0x16d34f0 duration: 0.0191089
device: 0x16d2cf0 duration: 0.0192921
device: 0x16cacb0 duration: 0.0190516
duration multTranspose ocl mod: 0.0320379
device: 0x16d24f0 kernel from: 0 to: 74496 -> range: 74496
device: 0x16cacb0 kernel from: 74496 to: 148992 -> range: 74496
device: 0x16d3730 kernel from: 148992 to: 223488 -> range: 74496
device: 0x16d34f0 kernel from: 223488 to: 297984 -> range: 74496
device: 0x16d2cf0 kernel from: 297984 to: 371968 -> range: 73984
device: 0x16cacb0 duration: 0.0320051
device: 0x16d2cf0 duration: 0.0323543
device: 0x16d24f0 duration: 0.0335002
device: 0x16d3730 duration: 0.0328919
device: 0x16d34f0 duration: 0.0338524
duration mult ocl mod: 0.0421991
device: GeForce GTX 1080 Ti (0x16d3730)  kernel from: 0 to: 10368 -> range: 10368 (with blocking: 10368)
device: GeForce GTX 1080 Ti (0x16d24f0)  kernel from: 20736 to: 31104 -> range: 10368 (with blocking: 10368)
device: GeForce GTX 1080 Ti (0x16d34f0)  kernel from: 10368 to: 20736 -> range: 10368 (with blocking: 10368)
device: GeForce GTX 1080 Ti (0x16d2cf0)  kernel from: 31104 to: 41472 -> range: 10368 (with blocking: 10368)
device: GeForce GTX 1080 Ti (0x16cacb0)  kernel from: 41472 to: 51328 -> range: 9856 (with blocking: 9856)
device: 0x16d3730 duration: 0.0188795
device: 0x16cacb0 duration: 0.01907
device: 0x16d24f0 duration: device: 0x16d34f0 duration: 0.0192645
0.018986
device: 0x16d2cf0 duration: 0.0192666
duration multTranspose ocl mod: 0.0385284
device: 0x16d3730 kernel from: 0 to: 74496 -> range: 74496
device: 0x16d34f0 kernel from: 74496 to: 148992 -> range: 74496
device: 0x16cacb0 kernel from: 148992 to: 223488 -> range: 74496
device: 0x16d2cf0 kernel from: 223488 to: 297984 -> range: 74496
device: 0x16d24f0 kernel from: 297984 to: 371968 -> range: 73984
device: 0x16d3730 duration: 0.0327916
device: 0x16cacb0 duration: 0.0319857
device: 0x16d2cf0 duration: 0.0323748
device: 0x16d24f0 duration: 0.032341
device: 0x16d34f0 duration: 0.0338944
duration mult ocl mod: 0.0437101
device: GeForce GTX 1080 Ti (0x16d24f0)  kernel from: 0 to: 10368 -> range: 10368 (with blocking: 10368)
device: GeForce GTX 1080 Ti (0x16d2cf0)  kernel from: 20736 to: 31104 -> range: 10368 (with blocking: 10368)
device: GeForce GTX 1080 Ti (0x16d34f0)  kernel from: 10368 to: 20736 -> range: 10368 (with blocking: 10368)
device: GeForce GTX 1080 Ti (0x16d3730)  kernel from: 41472 to: 51328 -> range: 9856 (with blocking: 9856)
device: GeForce GTX 1080 Ti (0x16cacb0)  kernel from: 31104 to: 41472 -> range: 10368 (with blocking: 10368)
device: 0x16cacb0 duration: 0.0190833
device: 0x16d3730 duration: 0.0188927
device: 0x16d34f0 duration: 0.0189972
device: 0x16d2cf0 duration: 0.0192942
device: 0x16d24f0 duration: 0.0192511
duration multTranspose ocl mod: 0.0361144
device: 0x16d34f0 kernel from: 0 to: 74496 -> range: 74496
device: 0x16d3730 kernel from: 74496 to: 148992 -> range: 74496
device: 0x16cacb0 kernel from: 148992 to: 223488 -> range: 74496
device: 0x16d24f0 kernel from: 223488 to: 297984 -> range: 74496
device: 0x16d2cf0 kernel from: 297984 to: 371968 -> range: 73984
device: 0x16cacb0 duration: 0.0319969
device: 0x16d2cf0 duration: 0.0323451
device: 0x16d34f0 duration: 0.0329554
device: 0x16d3730 duration: 0.0339211
device: 0x16d24f0 duration: 0.0344996
duration mult ocl mod: 0.0464269
device: GeForce GTX 1080 Ti (0x16d24f0)  kernel from: 0 to: 10368 -> range: 10368 (with blocking: 10368)
device: GeForce GTX 1080 Ti (0x16cacb0)  kernel from: 41472 to: 51328 -> range: 9856 (with blocking: 9856)
device: GeForce GTX 1080 Ti (0x16d3730)  kernel from: 10368 to: 20736 -> range: 10368 (with blocking: 10368)
device: GeForce GTX 1080 Ti (0x16d34f0)  kernel from: 31104 to: 41472 -> range: 10368 (with blocking: 10368)
device: GeForce GTX 1080 Ti (0x16d2cf0)  kernel from: 20736 to: 31104 -> range: 10368 (with blocking: 10368)
device: 0x16d24f0 duration: 0.0192214
device: 0x16d3730 duration: 0.018857
device: 0x16cacb0 duration: 0.0190679
device: 0x16d34f0 duration: 0.0190259
device: 0x16d2cf0 duration: 0.0192717
duration multTranspose ocl mod: 0.0363702
device: 0x16d3730 kernel from: 0 to: 74496 -> range: 74496
device: 0x16cacb0 kernel from: 74496 to: 148992 -> range: 74496
device: 0x16d34f0 kernel from: 148992 to: 223488 -> range: 74496
device: 0x16d24f0 kernel from: 223488 to: 297984 -> range: 74496
device: 0x16d2cf0 kernel from: 297984 to: 371968 -> range: 73984
device: 0x16cacb0device:  duration: 0x16d2cf0 duration: 0.03286320.0323564

device: 0x16d24f0 duration: 0.0332861
device: 0x16d3730 duration: 0.0338208
device: 0x16d34f0 duration: 0.0341176
duration mult ocl mod: 0.0431397
device: GeForce GTX 1080 Ti (0x16d24f0)  kernel from: 0 to: 10368 -> range: 10368 (with blocking: 10368)
device: GeForce GTX 1080 Ti (0x16d34f0)  kernel from: 10368 to: 20736 -> range: 10368 (with blocking: 10368)
device: GeForce GTX 1080 Ti (0x16cacb0)  kernel from: 20736 to: 31104 -> range: 10368 (with blocking: 10368)
device: GeForce GTX 1080 Ti (0x16d2cf0)  kernel from: 31104 to: 41472 -> range: 10368 (with blocking: 10368)
device: GeForce GTX 1080 Ti (0x16d3730)  kernel from: 41472 to: 51328 -> range: 9856 (with blocking: 9856)
device: 0x16cacb0 duration: 0.0190915
device: 0x16d3730 duration: 0.0188856
device: 0x16d34f0 duration: device: 0x16d2cf0 duration: 0.019033
0.0192808
device: 0x16d24f0 duration: 0.0192389
duration multTranspose ocl mod: 0.0375389
device: 0x16d2cf0 kernel from: 0 to: 74496 -> range: 74496
device: 0x16d34f0 kernel from: 74496 to: 148992 -> range: 74496
device: 0x16d3730 kernel from: 148992 to: 223488 -> range: 74496
device: 0x16d24f0 kernel from: 223488 to: 297984 -> range: 74496
device: 0x16cacb0 kernel from: 297984 to: 371968 -> range: 73984
device: 0x16cacb0 duration: 0.0319959
device: 0x16d2cf0 duration: 0.0323645
device: 0x16d24f0 duration: 0.0323666
device: 0x16d3730 duration: 0.0328776
device: 0x16d34f0 duration: 0.032768
duration mult ocl mod: 0.0435826
device: GeForce GTX 1080 Ti (0x16d24f0)  kernel from: 0 to: 10368 -> range: 10368 (with blocking: 10368)
device: GeForce GTX 1080 Ti (0x16d2cf0)  kernel from: 20736 to: 31104 -> range: 10368 (with blocking: 10368)
device: GeForce GTX 1080 Ti (0x16d34f0)  kernel from: 31104 to: 41472 -> range: 10368 (with blocking: 10368)
device: GeForce GTX 1080 Ti (0x16d3730)  kernel from: 10368 to: 20736 -> range: 10368 (with blocking: 10368)
device: GeForce GTX 1080 Ti (0x16cacb0)  kernel from: 41472 to: 51328 -> range: 9856 (with blocking: 9856)
device: 0x16d2cf0 duration: 0.0193034
device: 0x16d3730 duration: 0.0188785
device: 0x16cacb0 duration: 0.0190588
device: 0x16d34f0 duration: 0.0189972
device: 0x16d24f0 duration: 0.0192584
duration multTranspose ocl mod: 0.0354265
device: 0x16d24f0 kernel from: 0 to: 74496 -> range: 74496
device: 0x16d2cf0 kernel from: 74496 to: 148992 -> range: 74496
device: 0x16d34f0 kernel from: 148992 to: 223488 -> range: 74496
device: 0x16cacb0 kernel from: 223488 to: 297984 -> range: 74496
device: 0x16d3730 kernel from: 297984 to: 371968 -> range: 73984
device: 0x16cacb0 duration: 0.0319939
device: 0x16d2cf0 duration: 0.0323564
device: 0x16d3730 duration: 0.0329084
device: 0x16d34f0device:  duration: 0x16d24f0 duration: 0.0343583
0.0339169
duration mult ocl mod: 0.0434561
device: GeForce GTX 1080 Ti (0x16d34f0)  kernel from: 0 to: 10368 -> range: 10368 (with blocking: 10368)
device: GeForce GTX 1080 Ti (0x16d2cf0)  kernel from: 20736 to: 31104 -> range: 10368 (with blocking: 10368)
device: GeForce GTX 1080 Ti (0x16d24f0)  kernel from: 10368 to: 20736 -> range: 10368 (with blocking: 10368)
device: GeForce GTX 1080 Ti (0x16d3730)  kernel from: 41472 to: 51328 -> range: 9856 (with blocking: 9856)
device: GeForce GTX 1080 Ti (0x16cacb0)  kernel from: 31104 to: 41472 -> range: 10368 (with blocking: 10368)
device: 0x16d3730 duration: 0.0188918
device: 0x16d24f0 duration: 0.0192707
device: 0x16cacb0 duration: 0.0190679
device: 0x16d34f0 duration: 0.0189983
device: 0x16d2cf0 duration: 0.0192901
duration multTranspose ocl mod: 0.03833
device: 0x16d24f0 kernel from: 0 to: 74496 -> range: 74496
device: 0x16d3730 kernel from: 74496 to: 148992 -> range: 74496
device: 0x16d2cf0 kernel from: 148992 to: 223488 -> range: 74496
device: 0x16d34f0 kernel from: 223488 to: 297984 -> range: 74496
device: 0x16cacb0 kernel from: 297984 to: 371968 -> range: 73984
device: 0x16cacb0 duration: 0.0319734
device: 0x16d2cf0 duration: 0.0323635
device: 0x16d24f0 duration: 0.0323533
device: 0x16d3730 duration: 0.0327834
device: 0x16d34f0 duration: 0.0329933
duration mult ocl mod: 0.0435764
device: GeForce GTX 1080 Ti (0x16cacb0)  kernel from: 10368 to: 20736 -> range: 10368 (with blocking: 10368)
device: GeForce GTX 1080 Ti (0x16d24f0)  kernel from: 41472 to: 51328 -> range: 9856 (with blocking: 9856)
device: GeForce GTX 1080 Ti (0x16d34f0)  kernel from: 31104 to: 41472 -> range: 10368 (with blocking: 10368)
device: GeForce GTX 1080 Ti (0x16d3730)  kernel from: 0 to: 10368 -> range: 10368 (with blocking: 10368)
device: GeForce GTX 1080 Ti (0x16d2cf0)  kernel from: 20736 to: 31104 -> range: 10368 (with blocking: 10368)
device: 0x16d24f0 duration: 0.0192297
device: 0x16d3730 duration: 0.0188529
device: 0x16d34f0 duration: 0.0190095
device: 0x16cacb0 duration: 0.0190946
device: 0x16d2cf0 duration: 0.0192922
duration multTranspose ocl mod: 0.0343135
device: 0x16d24f0 kernel from: 0 to: 74496 -> range: 74496
device: 0x16d34f0 kernel from: 74496 to: 148992 -> range: 74496
device: 0x16d3730 kernel from: 148992 to: 223488 -> range: 74496
device: 0x16d2cf0 kernel from: 223488 to: 297984 -> range: 74496
